"dormId","ratePlan","date","priceValue","priceCurrency","crawledAt","urlPart"
"485268","36127","2025-10-07","25.00","AUD","1759641585","101429/2025-10-07/1759641585.json"
"485268","36127","2025-10-08","25.00","AUD","1759641585","101429/2025-10-08/1759641585.json"
"485268","36127","2025-10-09","25.00","AUD","1759641585","101429/2025-10-09/1759641585.json"
"485268","36127","2025-10-10","25.00","AUD","1759641585","101429/2025-10-10/1759641585.json"
"485268","36127","2025-10-11","25.00","AUD","1759641585","101429/2025-10-11/1759641585.json"
"485268","36127","2025-10-12","25.00","AUD","1759641585","101429/2025-10-12/1759641585.json"
"485268","36127","2025-10-13","25.00","AUD","1759641585","101429/2025-10-13/1759641585.json"
"485268","36127","2025-10-14","25.00","AUD","1759641585","101429/2025-10-14/1759641585.json"
"485268","36127","2025-10-15","25.00","AUD","1759641585","101429/2025-10-15/1759641585.json"
"485268","36127","2025-10-16","25.00","AUD","1759641585","101429/2025-10-16/1759641585.json"
"485268","36127","2025-10-17","25.00","AUD","1759641585","101429/2025-10-17/1759641585.json"
"485268","36127","2025-10-18","25.00","AUD","1759641585","101429/2025-10-18/1759641585.json"
"485268","36127","2025-10-19","25.00","AUD","1759641585","101429/2025-10-19/1759641585.json"
"485268","36127","2025-10-20","25.00","AUD","1759641585","101429/2025-10-20/1759641585.json"
"485268","36127","2025-10-21","25.00","AUD","1759641585","101429/2025-10-21/1759641585.json"
"485268","36127","2025-10-22","25.00","AUD","1759641585","101429/2025-10-22/1759641585.json"
"485268","36127","2025-10-23","25.00","AUD","1759641585","101429/2025-10-23/1759641585.json"
"485268","36127","2025-10-24","25.00","AUD","1759641585","101429/2025-10-24/1759641585.json"
"485268","36127","2025-10-25","25.00","AUD","1759641585","101429/2025-10-25/1759641585.json"
"485268","36127","2025-10-26","25.00","AUD","1759641585","101429/2025-10-26/1759641585.json"
"485268","36127","2025-10-27","25.00","AUD","1759641585","101429/2025-10-27/1759641585.json"
"485268","36127","2025-10-28","25.00","AUD","1759641585","101429/2025-10-28/1759641585.json"
"485268","36127","2025-10-29","25.00","AUD","1759641585","101429/2025-10-29/1759641585.json"
"485268","36127","2025-10-30","25.00","AUD","1759641585","101429/2025-10-30/1759641585.json"
"485268","36127","2025-10-31","25.00","AUD","1759641585","101429/2025-10-31/1759641585.json"
"485268","36127","2025-11-01","25.00","AUD","1759641585","101429/2025-11-01/1759641585.json"
"485268","36127","2025-11-02","25.00","AUD","1759641585","101429/2025-11-02/1759641585.json"
"485268","36127","2025-11-03","25.00","AUD","1759641585","101429/2025-11-03/1759641585.json"
"485268","36127","2025-11-04","25.00","AUD","1759641585","101429/2025-11-04/1759641585.json"
"485268","36127","2025-10-07","25.00","AUD","1759655887","101429/2025-10-07/1759655887.json"
"485268","36127","2025-10-08","25.00","AUD","1759655887","101429/2025-10-08/1759655887.json"
"485268","36127","2025-10-09","25.00","AUD","1759655887","101429/2025-10-09/1759655887.json"
"485268","36127","2025-10-10","25.00","AUD","1759655887","101429/2025-10-10/1759655887.json"
"485268","36127","2025-10-11","25.00","AUD","1759655887","101429/2025-10-11/1759655887.json"
"485268","36127","2025-10-12","25.00","AUD","1759655887","101429/2025-10-12/1759655887.json"
"485268","36127","2025-10-13","25.00","AUD","1759655887","101429/2025-10-13/1759655887.json"
"485268","36127","2025-10-14","25.00","AUD","1759655887","101429/2025-10-14/1759655887.json"
"485268","36127","2025-10-15","25.00","AUD","1759655887","101429/2025-10-15/1759655887.json"
"485268","36127","2025-10-16","25.00","AUD","1759655887","101429/2025-10-16/1759655887.json"
"485268","36127","2025-10-17","25.00","AUD","1759655887","101429/2025-10-17/1759655887.json"
"485268","36127","2025-10-18","25.00","AUD","1759655887","101429/2025-10-18/1759655887.json"
"485268","36127","2025-10-19","25.00","AUD","1759655887","101429/2025-10-19/1759655887.json"
"485268","36127","2025-10-20","25.00","AUD","1759655887","101429/2025-10-20/1759655887.json"
"485268","36127","2025-10-21","25.00","AUD","1759655887","101429/2025-10-21/1759655887.json"
"485268","36127","2025-10-22","25.00","AUD","1759655887","101429/2025-10-22/1759655887.json"
"485268","36127","2025-10-23","25.00","AUD","1759655887","101429/2025-10-23/1759655887.json"
"485268","36127","2025-10-24","25.00","AUD","1759655887","101429/2025-10-24/1759655887.json"
"485268","36127","2025-10-25","25.00","AUD","1759655887","101429/2025-10-25/1759655887.json"
"485268","36127","2025-10-26","25.00","AUD","1759655887","101429/2025-10-26/1759655887.json"
"485268","36127","2025-10-27","25.00","AUD","1759655887","101429/2025-10-27/1759655887.json"
"485268","36127","2025-10-28","25.00","AUD","1759655887","101429/2025-10-28/1759655887.json"
"485268","36127","2025-10-29","25.00","AUD","1759655887","101429/2025-10-29/1759655887.json"
"485268","36127","2025-10-30","25.00","AUD","1759655887","101429/2025-10-30/1759655887.json"
"485268","36127","2025-10-31","25.00","AUD","1759655887","101429/2025-10-31/1759655887.json"
"485268","36127","2025-11-01","25.00","AUD","1759655887","101429/2025-11-01/1759655887.json"
"485268","36127","2025-11-02","25.00","AUD","1759655887","101429/2025-11-02/1759655887.json"
"485268","36127","2025-11-03","25.00","AUD","1759655887","101429/2025-11-03/1759655887.json"
"485268","36127","2025-11-04","25.00","AUD","1759655887","101429/2025-11-04/1759655887.json"
"485268","36127","2025-10-07","25.00","AUD","1759671999","101429/2025-10-07/1759671999.json"
"485268","36127","2025-10-08","25.00","AUD","1759671999","101429/2025-10-08/1759671999.json"
"485268","36127","2025-10-09","25.00","AUD","1759671999","101429/2025-10-09/1759671999.json"
"485268","36127","2025-10-10","25.00","AUD","1759671999","101429/2025-10-10/1759671999.json"
"485268","36127","2025-10-11","25.00","AUD","1759671999","101429/2025-10-11/1759671999.json"
"485268","36127","2025-10-12","25.00","AUD","1759671999","101429/2025-10-12/1759671999.json"
"485268","36127","2025-10-13","25.00","AUD","1759671999","101429/2025-10-13/1759671999.json"
"485268","36127","2025-10-14","25.00","AUD","1759671999","101429/2025-10-14/1759671999.json"
"485268","36127","2025-10-15","25.00","AUD","1759671999","101429/2025-10-15/1759671999.json"
"485268","36127","2025-10-16","25.00","AUD","1759671999","101429/2025-10-16/1759671999.json"
"485268","36127","2025-10-17","25.00","AUD","1759671999","101429/2025-10-17/1759671999.json"
"485268","36127","2025-10-18","25.00","AUD","1759671999","101429/2025-10-18/1759671999.json"
"485268","36127","2025-10-19","25.00","AUD","1759671999","101429/2025-10-19/1759671999.json"
"485268","36127","2025-10-20","25.00","AUD","1759671999","101429/2025-10-20/1759671999.json"
"485268","36127","2025-10-21","25.00","AUD","1759671999","101429/2025-10-21/1759671999.json"
"485268","36127","2025-10-22","25.00","AUD","1759671999","101429/2025-10-22/1759671999.json"
"485268","36127","2025-10-23","25.00","AUD","1759671999","101429/2025-10-23/1759671999.json"
"485268","36127","2025-10-24","25.00","AUD","1759671999","101429/2025-10-24/1759671999.json"
"485268","36127","2025-10-25","25.00","AUD","1759671999","101429/2025-10-25/1759671999.json"
"485268","36127","2025-10-26","25.00","AUD","1759671999","101429/2025-10-26/1759671999.json"
"485268","36127","2025-10-27","25.00","AUD","1759671999","101429/2025-10-27/1759671999.json"
"485268","36127","2025-10-28","25.00","AUD","1759671999","101429/2025-10-28/1759671999.json"
"485268","36127","2025-10-29","25.00","AUD","1759671999","101429/2025-10-29/1759671999.json"
"485268","36127","2025-10-30","25.00","AUD","1759671999","101429/2025-10-30/1759671999.json"
"485268","36127","2025-10-31","25.00","AUD","1759671999","101429/2025-10-31/1759671999.json"
"485268","36127","2025-11-01","25.00","AUD","1759671999","101429/2025-11-01/1759671999.json"
"485268","36127","2025-11-02","25.00","AUD","1759671999","101429/2025-11-02/1759671999.json"
"485268","36127","2025-11-03","25.00","AUD","1759671999","101429/2025-11-03/1759671999.json"
"485268","36127","2025-11-04","25.00","AUD","1759671999","101429/2025-11-04/1759671999.json"
"485268","36127","2025-10-07","25.00","AUD","1759684890","101429/2025-10-07/1759684890.json"
"485268","36127","2025-10-08","25.00","AUD","1759684890","101429/2025-10-08/1759684890.json"
"485268","36127","2025-10-09","25.00","AUD","1759684890","101429/2025-10-09/1759684890.json"
"485268","36127","2025-10-10","25.00","AUD","1759684890","101429/2025-10-10/1759684890.json"
"485268","36127","2025-10-11","25.00","AUD","1759684890","101429/2025-10-11/1759684890.json"
"485268","36127","2025-10-12","25.00","AUD","1759684890","101429/2025-10-12/1759684890.json"
"485268","36127","2025-10-13","25.00","AUD","1759684890","101429/2025-10-13/1759684890.json"
"485268","36127","2025-10-14","25.00","AUD","1759684890","101429/2025-10-14/1759684890.json"
"485268","36127","2025-10-15","25.00","AUD","1759684890","101429/2025-10-15/1759684890.json"
"485268","36127","2025-10-16","25.00","AUD","1759684890","101429/2025-10-16/1759684890.json"
"485268","36127","2025-10-17","25.00","AUD","1759684890","101429/2025-10-17/1759684890.json"
"485268","36127","2025-10-18","25.00","AUD","1759684890","101429/2025-10-18/1759684890.json"
"485268","36127","2025-10-19","25.00","AUD","1759684890","101429/2025-10-19/1759684890.json"
"485268","36127","2025-10-20","25.00","AUD","1759684890","101429/2025-10-20/1759684890.json"
"485268","36127","2025-10-21","25.00","AUD","1759684890","101429/2025-10-21/1759684890.json"
"485268","36127","2025-10-22","25.00","AUD","1759684890","101429/2025-10-22/1759684890.json"
"485268","36127","2025-10-23","25.00","AUD","1759684890","101429/2025-10-23/1759684890.json"
"485268","36127","2025-10-24","25.00","AUD","1759684890","101429/2025-10-24/1759684890.json"
"485268","36127","2025-10-25","25.00","AUD","1759684890","101429/2025-10-25/1759684890.json"
"485268","36127","2025-10-26","25.00","AUD","1759684890","101429/2025-10-26/1759684890.json"
"485268","36127","2025-10-27","25.00","AUD","1759684890","101429/2025-10-27/1759684890.json"
"485268","36127","2025-10-28","25.00","AUD","1759684890","101429/2025-10-28/1759684890.json"
"485268","36127","2025-10-29","25.00","AUD","1759684890","101429/2025-10-29/1759684890.json"
"485268","36127","2025-10-30","25.00","AUD","1759684890","101429/2025-10-30/1759684890.json"
"485268","36127","2025-10-31","25.00","AUD","1759684890","101429/2025-10-31/1759684890.json"
"485268","36127","2025-11-01","25.00","AUD","1759684890","101429/2025-11-01/1759684890.json"
"485268","36127","2025-11-02","25.00","AUD","1759684890","101429/2025-11-02/1759684890.json"
"485268","36127","2025-11-03","25.00","AUD","1759684890","101429/2025-11-03/1759684890.json"
"485268","36127","2025-11-04","25.00","AUD","1759684890","101429/2025-11-04/1759684890.json"
"485268","36127","2025-10-07","25.00","AUD","1759699177","101429/2025-10-07/1759699177.json"
"485268","36127","2025-10-08","25.00","AUD","1759699177","101429/2025-10-08/1759699177.json"
"485268","36127","2025-10-09","25.00","AUD","1759699177","101429/2025-10-09/1759699177.json"
"485268","36127","2025-10-10","25.00","AUD","1759699177","101429/2025-10-10/1759699177.json"
"485268","36127","2025-10-11","25.00","AUD","1759699177","101429/2025-10-11/1759699177.json"
"485268","36127","2025-10-12","25.00","AUD","1759699177","101429/2025-10-12/1759699177.json"
"485268","36127","2025-10-13","25.00","AUD","1759699177","101429/2025-10-13/1759699177.json"
"485268","36127","2025-10-14","25.00","AUD","1759699177","101429/2025-10-14/1759699177.json"
"485268","36127","2025-10-15","25.00","AUD","1759699177","101429/2025-10-15/1759699177.json"
"485268","36127","2025-10-16","25.00","AUD","1759699177","101429/2025-10-16/1759699177.json"
"485268","36127","2025-10-17","25.00","AUD","1759699177","101429/2025-10-17/1759699177.json"
"485268","36127","2025-10-18","25.00","AUD","1759699177","101429/2025-10-18/1759699177.json"
"485268","36127","2025-10-19","25.00","AUD","1759699177","101429/2025-10-19/1759699177.json"
"485268","36127","2025-10-20","25.00","AUD","1759699177","101429/2025-10-20/1759699177.json"
"485268","36127","2025-10-21","25.00","AUD","1759699177","101429/2025-10-21/1759699177.json"
"485268","36127","2025-10-22","25.00","AUD","1759699177","101429/2025-10-22/1759699177.json"
"485268","36127","2025-10-23","25.00","AUD","1759699177","101429/2025-10-23/1759699177.json"
"485268","36127","2025-10-24","25.00","AUD","1759699177","101429/2025-10-24/1759699177.json"
"485268","36127","2025-10-25","25.00","AUD","1759699177","101429/2025-10-25/1759699177.json"
"485268","36127","2025-10-26","25.00","AUD","1759699177","101429/2025-10-26/1759699177.json"
"485268","36127","2025-10-27","25.00","AUD","1759699177","101429/2025-10-27/1759699177.json"
"485268","36127","2025-10-28","25.00","AUD","1759699177","101429/2025-10-28/1759699177.json"
"485268","36127","2025-10-29","25.00","AUD","1759699177","101429/2025-10-29/1759699177.json"
"485268","36127","2025-10-30","25.00","AUD","1759699177","101429/2025-10-30/1759699177.json"
"485268","36127","2025-10-31","25.00","AUD","1759699177","101429/2025-10-31/1759699177.json"
"485268","36127","2025-11-01","25.00","AUD","1759699177","101429/2025-11-01/1759699177.json"
"485268","36127","2025-11-02","25.00","AUD","1759699177","101429/2025-11-02/1759699177.json"
"485268","36127","2025-11-03","25.00","AUD","1759699177","101429/2025-11-03/1759699177.json"
"485268","36127","2025-11-04","25.00","AUD","1759699177","101429/2025-11-04/1759699177.json"
"485268","36127","2025-10-08","25.00","AUD","1759721641","101429/2025-10-08/1759721641.json"
"485268","36127","2025-10-09","25.00","AUD","1759721641","101429/2025-10-09/1759721641.json"
"485268","36127","2025-10-07","25.00","AUD","1759721641","101429/2025-10-07/1759721641.json"
"485268","36127","2025-10-10","25.00","AUD","1759721641","101429/2025-10-10/1759721641.json"
"485268","36127","2025-10-13","25.00","AUD","1759721641","101429/2025-10-13/1759721641.json"
"485268","36127","2025-10-14","25.00","AUD","1759721641","101429/2025-10-14/1759721641.json"
"485268","36127","2025-10-12","25.00","AUD","1759721641","101429/2025-10-12/1759721641.json"
"485268","36127","2025-10-15","25.00","AUD","1759721641","101429/2025-10-15/1759721641.json"
"485268","36127","2025-10-11","25.00","AUD","1759721641","101429/2025-10-11/1759721641.json"
"485268","36127","2025-10-17","25.00","AUD","1759721641","101429/2025-10-17/1759721641.json"
"485268","36127","2025-10-18","25.00","AUD","1759721641","101429/2025-10-18/1759721641.json"
"485268","36127","2025-10-16","25.00","AUD","1759721641","101429/2025-10-16/1759721641.json"
"485268","36127","2025-10-19","25.00","AUD","1759721641","101429/2025-10-19/1759721641.json"
"485268","36127","2025-10-21","25.00","AUD","1759721641","101429/2025-10-21/1759721641.json"
"485268","36127","2025-10-20","25.00","AUD","1759721641","101429/2025-10-20/1759721641.json"
"485268","36127","2025-10-23","25.00","AUD","1759721641","101429/2025-10-23/1759721641.json"
"485268","36127","2025-10-22","25.00","AUD","1759721641","101429/2025-10-22/1759721641.json"
"485268","36127","2025-10-24","25.00","AUD","1759721641","101429/2025-10-24/1759721641.json"
"485268","36127","2025-10-25","25.00","AUD","1759721641","101429/2025-10-25/1759721641.json"
"485268","36127","2025-10-26","25.00","AUD","1759721641","101429/2025-10-26/1759721641.json"
"485268","36127","2025-10-27","25.00","AUD","1759721641","101429/2025-10-27/1759721641.json"
"485268","36127","2025-10-28","25.00","AUD","1759721641","101429/2025-10-28/1759721641.json"
"485268","36127","2025-10-29","25.00","AUD","1759721641","101429/2025-10-29/1759721641.json"
"485268","36127","2025-10-31","25.00","AUD","1759721641","101429/2025-10-31/1759721641.json"
"485268","36127","2025-11-01","25.00","AUD","1759721641","101429/2025-11-01/1759721641.json"
"485268","36127","2025-11-03","25.00","AUD","1759721641","101429/2025-11-03/1759721641.json"
"485268","36127","2025-11-02","25.00","AUD","1759721641","101429/2025-11-02/1759721641.json"
"485268","36127","2025-10-30","25.00","AUD","1759721641","101429/2025-10-30/1759721641.json"
"485268","36127","2025-11-04","25.00","AUD","1759721641","101429/2025-11-04/1759721641.json"
"485268","36127","2025-11-06","25.00","AUD","1759721641","101429/2025-11-06/1759721641.json"
"485268","36127","2025-11-05","25.00","AUD","1759721641","101429/2025-11-05/1759721641.json"
"485268","36127","2025-11-08","25.00","AUD","1759721641","101429/2025-11-08/1759721641.json"
"485268","36127","2025-11-07","25.00","AUD","1759721641","101429/2025-11-07/1759721641.json"
"485268","36127","2025-11-09","25.00","AUD","1759721641","101429/2025-11-09/1759721641.json"
"485268","36127","2025-11-10","25.00","AUD","1759721641","101429/2025-11-10/1759721641.json"
"485268","36127","2025-11-12","25.00","AUD","1759721641","101429/2025-11-12/1759721641.json"
"485268","36127","2025-11-13","25.00","AUD","1759721641","101429/2025-11-13/1759721641.json"
"485268","36127","2025-11-14","25.00","AUD","1759721641","101429/2025-11-14/1759721641.json"
"485268","36127","2025-11-16","25.00","AUD","1759721641","101429/2025-11-16/1759721641.json"
"485268","36127","2025-11-15","25.00","AUD","1759721641","101429/2025-11-15/1759721641.json"
"485268","36127","2025-11-17","25.00","AUD","1759721641","101429/2025-11-17/1759721641.json"
"485268","36127","2025-11-11","25.00","AUD","1759721641","101429/2025-11-11/1759721641.json"
"485268","36127","2025-11-20","25.00","AUD","1759721641","101429/2025-11-20/1759721641.json"
"485268","36127","2025-11-21","25.00","AUD","1759721641","101429/2025-11-21/1759721641.json"
"485268","36127","2025-11-18","25.00","AUD","1759721641","101429/2025-11-18/1759721641.json"
"485268","36127","2025-11-19","25.00","AUD","1759721641","101429/2025-11-19/1759721641.json"
"485268","36127","2025-11-22","25.00","AUD","1759721641","101429/2025-11-22/1759721641.json"
"485268","36127","2025-11-24","25.00","AUD","1759721641","101429/2025-11-24/1759721641.json"
"485268","36127","2025-11-23","25.00","AUD","1759721641","101429/2025-11-23/1759721641.json"
"485268","36127","2025-11-25","25.00","AUD","1759721641","101429/2025-11-25/1759721641.json"
"485268","36127","2025-11-27","25.00","AUD","1759721641","101429/2025-11-27/1759721641.json"
"485268","36127","2025-11-29","25.00","AUD","1759721641","101429/2025-11-29/1759721641.json"
"485268","36127","2025-11-28","25.00","AUD","1759721641","101429/2025-11-28/1759721641.json"
"485268","36127","2025-11-26","25.00","AUD","1759721641","101429/2025-11-26/1759721641.json"
"485268","36127","2025-11-30","25.00","AUD","1759721641","101429/2025-11-30/1759721641.json"
"485268","36127","2025-10-08","25.00","AUD","1759726898","101429/2025-10-08/1759726898.json"
"485268","36127","2025-10-09","25.00","AUD","1759726898","101429/2025-10-09/1759726898.json"
"485268","36127","2025-10-07","25.00","AUD","1759726898","101429/2025-10-07/1759726898.json"
"485268","36127","2025-10-13","25.00","AUD","1759726898","101429/2025-10-13/1759726898.json"
"485268","36127","2025-10-12","25.00","AUD","1759726898","101429/2025-10-12/1759726898.json"
"485268","36127","2025-10-10","25.00","AUD","1759726898","101429/2025-10-10/1759726898.json"
"485268","36127","2025-10-11","25.00","AUD","1759726898","101429/2025-10-11/1759726898.json"
"485268","36127","2025-10-14","25.00","AUD","1759726898","101429/2025-10-14/1759726898.json"
"485268","36127","2025-10-15","25.00","AUD","1759726898","101429/2025-10-15/1759726898.json"
"485268","36127","2025-10-16","25.00","AUD","1759726898","101429/2025-10-16/1759726898.json"
"485268","36127","2025-10-17","25.00","AUD","1759726898","101429/2025-10-17/1759726898.json"
"485268","36127","2025-10-19","25.00","AUD","1759726898","101429/2025-10-19/1759726898.json"
"485268","36127","2025-10-20","25.00","AUD","1759726898","101429/2025-10-20/1759726898.json"
"485268","36127","2025-10-18","25.00","AUD","1759726898","101429/2025-10-18/1759726898.json"
"485268","36127","2025-10-21","25.00","AUD","1759726898","101429/2025-10-21/1759726898.json"
"485268","36127","2025-10-22","25.00","AUD","1759726898","101429/2025-10-22/1759726898.json"
"485268","36127","2025-10-23","25.00","AUD","1759726898","101429/2025-10-23/1759726898.json"
"485268","36127","2025-10-24","25.00","AUD","1759726898","101429/2025-10-24/1759726898.json"
"485268","36127","2025-10-25","25.00","AUD","1759726898","101429/2025-10-25/1759726898.json"
"485268","36127","2025-10-26","25.00","AUD","1759726898","101429/2025-10-26/1759726898.json"
"485268","36127","2025-10-27","25.00","AUD","1759726898","101429/2025-10-27/1759726898.json"
"485268","36127","2025-10-28","25.00","AUD","1759726898","101429/2025-10-28/1759726898.json"
"485268","36127","2025-10-29","25.00","AUD","1759726898","101429/2025-10-29/1759726898.json"
"485268","36127","2025-10-30","25.00","AUD","1759726898","101429/2025-10-30/1759726898.json"
"485268","36127","2025-11-01","25.00","AUD","1759726898","101429/2025-11-01/1759726898.json"
"485268","36127","2025-10-31","25.00","AUD","1759726898","101429/2025-10-31/1759726898.json"
"485268","36127","2025-11-02","25.00","AUD","1759726898","101429/2025-11-02/1759726898.json"
"485268","36127","2025-11-03","25.00","AUD","1759726898","101429/2025-11-03/1759726898.json"
"485268","36127","2025-11-04","25.00","AUD","1759726898","101429/2025-11-04/1759726898.json"
"485268","36127","2025-11-05","25.00","AUD","1759726898","101429/2025-11-05/1759726898.json"
"485268","36127","2025-11-06","25.00","AUD","1759726898","101429/2025-11-06/1759726898.json"
"485268","36127","2025-11-08","25.00","AUD","1759726898","101429/2025-11-08/1759726898.json"
"485268","36127","2025-11-07","25.00","AUD","1759726898","101429/2025-11-07/1759726898.json"
"485268","36127","2025-11-10","25.00","AUD","1759726898","101429/2025-11-10/1759726898.json"
"485268","36127","2025-11-09","25.00","AUD","1759726898","101429/2025-11-09/1759726898.json"
"485268","36127","2025-11-13","25.00","AUD","1759726898","101429/2025-11-13/1759726898.json"
"485268","36127","2025-11-14","25.00","AUD","1759726898","101429/2025-11-14/1759726898.json"
"485268","36127","2025-11-12","25.00","AUD","1759726898","101429/2025-11-12/1759726898.json"
"485268","36127","2025-11-11","25.00","AUD","1759726898","101429/2025-11-11/1759726898.json"
"485268","36127","2025-11-16","25.00","AUD","1759726898","101429/2025-11-16/1759726898.json"
"485268","36127","2025-11-15","25.00","AUD","1759726898","101429/2025-11-15/1759726898.json"
"485268","36127","2025-11-18","25.00","AUD","1759726898","101429/2025-11-18/1759726898.json"
"485268","36127","2025-11-17","25.00","AUD","1759726898","101429/2025-11-17/1759726898.json"
"485268","36127","2025-11-20","25.00","AUD","1759726898","101429/2025-11-20/1759726898.json"
"485268","36127","2025-11-19","25.00","AUD","1759726898","101429/2025-11-19/1759726898.json"
"485268","36127","2025-11-21","25.00","AUD","1759726898","101429/2025-11-21/1759726898.json"
"485268","36127","2025-11-23","25.00","AUD","1759726898","101429/2025-11-23/1759726898.json"
"485268","36127","2025-11-22","25.00","AUD","1759726898","101429/2025-11-22/1759726898.json"
"485268","36127","2025-11-24","25.00","AUD","1759726898","101429/2025-11-24/1759726898.json"
"485268","36127","2025-11-25","25.00","AUD","1759726898","101429/2025-11-25/1759726898.json"
"485268","36127","2025-11-27","25.00","AUD","1759726898","101429/2025-11-27/1759726898.json"
"485268","36127","2025-11-26","25.00","AUD","1759726898","101429/2025-11-26/1759726898.json"
"485268","36127","2025-11-29","25.00","AUD","1759726898","101429/2025-11-29/1759726898.json"
"485268","36127","2025-11-28","25.00","AUD","1759726898","101429/2025-11-28/1759726898.json"
"485268","36127","2025-11-30","25.00","AUD","1759726898","101429/2025-11-30/1759726898.json"
"485268","36127","2025-10-07","25.00","AUD","1759741841","101429/2025-10-07/1759741841.json"
"485268","36127","2025-10-09","25.00","AUD","1759741841","101429/2025-10-09/1759741841.json"
"485268","36127","2025-10-08","25.00","AUD","1759741841","101429/2025-10-08/1759741841.json"
"485268","36127","2025-10-10","25.00","AUD","1759741841","101429/2025-10-10/1759741841.json"
"485268","36127","2025-10-11","25.00","AUD","1759741841","101429/2025-10-11/1759741841.json"
"485268","36127","2025-10-12","25.00","AUD","1759741841","101429/2025-10-12/1759741841.json"
"485268","36127","2025-10-13","25.00","AUD","1759741841","101429/2025-10-13/1759741841.json"
"485268","36127","2025-10-14","25.00","AUD","1759741841","101429/2025-10-14/1759741841.json"
"485268","36127","2025-10-15","25.00","AUD","1759741841","101429/2025-10-15/1759741841.json"
"485268","36127","2025-10-16","25.00","AUD","1759741841","101429/2025-10-16/1759741841.json"
"485268","36127","2025-10-17","25.00","AUD","1759741841","101429/2025-10-17/1759741841.json"
"485268","36127","2025-10-18","25.00","AUD","1759741841","101429/2025-10-18/1759741841.json"
"485268","36127","2025-10-19","25.00","AUD","1759741841","101429/2025-10-19/1759741841.json"
"485268","36127","2025-10-20","25.00","AUD","1759741841","101429/2025-10-20/1759741841.json"
"485268","36127","2025-10-21","25.00","AUD","1759741841","101429/2025-10-21/1759741841.json"
"485268","36127","2025-10-22","25.00","AUD","1759741841","101429/2025-10-22/1759741841.json"
"485268","36127","2025-10-25","25.00","AUD","1759741841","101429/2025-10-25/1759741841.json"
"485268","36127","2025-10-24","25.00","AUD","1759741841","101429/2025-10-24/1759741841.json"
"485268","36127","2025-10-23","25.00","AUD","1759741841","101429/2025-10-23/1759741841.json"
"485268","36127","2025-10-26","25.00","AUD","1759741841","101429/2025-10-26/1759741841.json"
"485268","36127","2025-10-29","25.00","AUD","1759741841","101429/2025-10-29/1759741841.json"
"485268","36127","2025-10-28","25.00","AUD","1759741841","101429/2025-10-28/1759741841.json"
"485268","36127","2025-10-27","25.00","AUD","1759741841","101429/2025-10-27/1759741841.json"
"485268","36127","2025-10-30","25.00","AUD","1759741841","101429/2025-10-30/1759741841.json"
"485268","36127","2025-10-31","25.00","AUD","1759741841","101429/2025-10-31/1759741841.json"
"485268","36127","2025-11-01","25.00","AUD","1759741841","101429/2025-11-01/1759741841.json"
"485268","36127","2025-11-02","25.00","AUD","1759741841","101429/2025-11-02/1759741841.json"
"485268","36127","2025-11-03","25.00","AUD","1759741841","101429/2025-11-03/1759741841.json"
"485268","36127","2025-11-04","25.00","AUD","1759741841","101429/2025-11-04/1759741841.json"
"485268","36127","2025-11-05","25.00","AUD","1759741841","101429/2025-11-05/1759741841.json"
"485268","36127","2025-11-06","25.00","AUD","1759741841","101429/2025-11-06/1759741841.json"
"485268","36127","2025-11-07","25.00","AUD","1759741841","101429/2025-11-07/1759741841.json"
"485268","36127","2025-11-08","25.00","AUD","1759741841","101429/2025-11-08/1759741841.json"
"485268","36127","2025-11-09","25.00","AUD","1759741841","101429/2025-11-09/1759741841.json"
"485268","36127","2025-11-10","25.00","AUD","1759741841","101429/2025-11-10/1759741841.json"
"485268","36127","2025-11-11","25.00","AUD","1759741841","101429/2025-11-11/1759741841.json"
"485268","36127","2025-11-13","25.00","AUD","1759741841","101429/2025-11-13/1759741841.json"
"485268","36127","2025-11-14","25.00","AUD","1759741841","101429/2025-11-14/1759741841.json"
"485268","36127","2025-11-12","25.00","AUD","1759741841","101429/2025-11-12/1759741841.json"
"485268","36127","2025-11-15","25.00","AUD","1759741841","101429/2025-11-15/1759741841.json"
"485268","36127","2025-11-16","25.00","AUD","1759741841","101429/2025-11-16/1759741841.json"
"485268","36127","2025-11-17","25.00","AUD","1759741841","101429/2025-11-17/1759741841.json"
"485268","36127","2025-11-19","25.00","AUD","1759741841","101429/2025-11-19/1759741841.json"
"485268","36127","2025-11-18","25.00","AUD","1759741841","101429/2025-11-18/1759741841.json"
"485268","36127","2025-11-20","25.00","AUD","1759741841","101429/2025-11-20/1759741841.json"
"485268","36127","2025-11-21","25.00","AUD","1759741841","101429/2025-11-21/1759741841.json"
"485268","36127","2025-11-22","25.00","AUD","1759741841","101429/2025-11-22/1759741841.json"
"485268","36127","2025-11-23","25.00","AUD","1759741841","101429/2025-11-23/1759741841.json"
"485268","36127","2025-11-25","25.00","AUD","1759741841","101429/2025-11-25/1759741841.json"
"485268","36127","2025-11-24","25.00","AUD","1759741841","101429/2025-11-24/1759741841.json"
"485268","36127","2025-11-27","25.00","AUD","1759741841","101429/2025-11-27/1759741841.json"
"485268","36127","2025-11-26","25.00","AUD","1759741841","101429/2025-11-26/1759741841.json"
"485268","36127","2025-11-28","25.00","AUD","1759741841","101429/2025-11-28/1759741841.json"
"485268","36127","2025-11-30","25.00","AUD","1759741841","101429/2025-11-30/1759741841.json"
"485268","36127","2025-11-29","25.00","AUD","1759741841","101429/2025-11-29/1759741841.json"
"485268","36127","2025-10-09","25.00","AUD","1759759254","101429/2025-10-09/1759759254.json"
"485268","36127","2025-10-08","25.00","AUD","1759759254","101429/2025-10-08/1759759254.json"
"485268","36127","2025-10-10","25.00","AUD","1759759254","101429/2025-10-10/1759759254.json"
"485268","36127","2025-10-07","25.00","AUD","1759759254","101429/2025-10-07/1759759254.json"
"485268","36127","2025-10-11","25.00","AUD","1759759254","101429/2025-10-11/1759759254.json"
"485268","36127","2025-10-12","25.00","AUD","1759759254","101429/2025-10-12/1759759254.json"
"485268","36127","2025-10-13","25.00","AUD","1759759254","101429/2025-10-13/1759759254.json"
"485268","36127","2025-10-14","25.00","AUD","1759759254","101429/2025-10-14/1759759254.json"
"485268","36127","2025-10-16","25.00","AUD","1759759254","101429/2025-10-16/1759759254.json"
"485268","36127","2025-10-15","25.00","AUD","1759759254","101429/2025-10-15/1759759254.json"
"485268","36127","2025-10-17","25.00","AUD","1759759254","101429/2025-10-17/1759759254.json"
"485268","36127","2025-10-18","25.00","AUD","1759759254","101429/2025-10-18/1759759254.json"
"485268","36127","2025-10-19","25.00","AUD","1759759254","101429/2025-10-19/1759759254.json"
"485268","36127","2025-10-20","25.00","AUD","1759759254","101429/2025-10-20/1759759254.json"
"485268","36127","2025-10-21","25.00","AUD","1759759254","101429/2025-10-21/1759759254.json"
"485268","36127","2025-10-22","25.00","AUD","1759759254","101429/2025-10-22/1759759254.json"
"485268","36127","2025-10-23","25.00","AUD","1759759254","101429/2025-10-23/1759759254.json"
"485268","36127","2025-10-24","25.00","AUD","1759759254","101429/2025-10-24/1759759254.json"
"485268","36127","2025-10-25","25.00","AUD","1759759254","101429/2025-10-25/1759759254.json"
"485268","36127","2025-10-26","25.00","AUD","1759759254","101429/2025-10-26/1759759254.json"
"485268","36127","2025-10-27","25.00","AUD","1759759254","101429/2025-10-27/1759759254.json"
"485268","36127","2025-10-30","25.00","AUD","1759759254","101429/2025-10-30/1759759254.json"
"485268","36127","2025-10-29","25.00","AUD","1759759254","101429/2025-10-29/1759759254.json"
"485268","36127","2025-11-02","25.00","AUD","1759759254","101429/2025-11-02/1759759254.json"
"485268","36127","2025-11-01","25.00","AUD","1759759254","101429/2025-11-01/1759759254.json"
"485268","36127","2025-10-31","25.00","AUD","1759759254","101429/2025-10-31/1759759254.json"
"485268","36127","2025-10-28","25.00","AUD","1759759254","101429/2025-10-28/1759759254.json"
"485268","36127","2025-11-05","25.00","AUD","1759759254","101429/2025-11-05/1759759254.json"
"485268","36127","2025-11-06","25.00","AUD","1759759254","101429/2025-11-06/1759759254.json"
"485268","36127","2025-11-04","25.00","AUD","1759759254","101429/2025-11-04/1759759254.json"
"485268","36127","2025-11-03","25.00","AUD","1759759254","101429/2025-11-03/1759759254.json"
"485268","36127","2025-11-07","25.00","AUD","1759759254","101429/2025-11-07/1759759254.json"
"485268","36127","2025-11-08","25.00","AUD","1759759254","101429/2025-11-08/1759759254.json"
"485268","36127","2025-11-09","25.00","AUD","1759759254","101429/2025-11-09/1759759254.json"
"485268","36127","2025-11-10","25.00","AUD","1759759254","101429/2025-11-10/1759759254.json"
"485268","36127","2025-11-12","25.00","AUD","1759759254","101429/2025-11-12/1759759254.json"
"485268","36127","2025-11-13","25.00","AUD","1759759254","101429/2025-11-13/1759759254.json"
"485268","36127","2025-11-11","25.00","AUD","1759759254","101429/2025-11-11/1759759254.json"
"485268","36127","2025-11-14","25.00","AUD","1759759254","101429/2025-11-14/1759759254.json"
"485268","36127","2025-11-15","25.00","AUD","1759759254","101429/2025-11-15/1759759254.json"
"485268","36127","2025-11-17","25.00","AUD","1759759254","101429/2025-11-17/1759759254.json"
"485268","36127","2025-11-16","25.00","AUD","1759759254","101429/2025-11-16/1759759254.json"
"485268","36127","2025-11-18","25.00","AUD","1759759254","101429/2025-11-18/1759759254.json"
"485268","36127","2025-11-19","25.00","AUD","1759759254","101429/2025-11-19/1759759254.json"
"485268","36127","2025-11-22","25.00","AUD","1759759254","101429/2025-11-22/1759759254.json"
"485268","36127","2025-11-21","25.00","AUD","1759759254","101429/2025-11-21/1759759254.json"
"485268","36127","2025-11-23","25.00","AUD","1759759254","101429/2025-11-23/1759759254.json"
"485268","36127","2025-11-20","25.00","AUD","1759759254","101429/2025-11-20/1759759254.json"
"485268","36127","2025-11-25","25.00","AUD","1759759254","101429/2025-11-25/1759759254.json"
"485268","36127","2025-11-24","25.00","AUD","1759759254","101429/2025-11-24/1759759254.json"
"485268","36127","2025-11-26","25.00","AUD","1759759254","101429/2025-11-26/1759759254.json"
"485268","36127","2025-11-27","25.00","AUD","1759759254","101429/2025-11-27/1759759254.json"
"485268","36127","2025-11-28","25.00","AUD","1759759254","101429/2025-11-28/1759759254.json"
"485268","36127","2025-11-29","25.00","AUD","1759759254","101429/2025-11-29/1759759254.json"
"485268","36127","2025-11-30","25.00","AUD","1759759254","101429/2025-11-30/1759759254.json"
"485268","36127","2025-10-08","25.00","AUD","1759770459","101429/2025-10-08/1759770459.json"
"485268","36127","2025-10-07","25.00","AUD","1759770459","101429/2025-10-07/1759770459.json"
"485268","36127","2025-10-09","25.00","AUD","1759770459","101429/2025-10-09/1759770459.json"
"485268","36127","2025-10-10","25.00","AUD","1759770459","101429/2025-10-10/1759770459.json"
"485268","36127","2025-10-12","25.00","AUD","1759770459","101429/2025-10-12/1759770459.json"
"485268","36127","2025-10-11","25.00","AUD","1759770459","101429/2025-10-11/1759770459.json"
"485268","36127","2025-10-13","25.00","AUD","1759770459","101429/2025-10-13/1759770459.json"
"485268","36127","2025-10-14","25.00","AUD","1759770459","101429/2025-10-14/1759770459.json"
"485268","36127","2025-10-15","25.00","AUD","1759770459","101429/2025-10-15/1759770459.json"
"485268","36127","2025-10-16","25.00","AUD","1759770459","101429/2025-10-16/1759770459.json"
"485268","36127","2025-10-17","25.00","AUD","1759770459","101429/2025-10-17/1759770459.json"
"485268","36127","2025-10-18","25.00","AUD","1759770459","101429/2025-10-18/1759770459.json"
"485268","36127","2025-10-19","25.00","AUD","1759770459","101429/2025-10-19/1759770459.json"
"485268","36127","2025-10-20","25.00","AUD","1759770459","101429/2025-10-20/1759770459.json"
"485268","36127","2025-10-21","25.00","AUD","1759770459","101429/2025-10-21/1759770459.json"
"485268","36127","2025-10-22","25.00","AUD","1759770459","101429/2025-10-22/1759770459.json"
"485268","36127","2025-10-24","25.00","AUD","1759770459","101429/2025-10-24/1759770459.json"
"485268","36127","2025-10-23","25.00","AUD","1759770459","101429/2025-10-23/1759770459.json"
"485268","36127","2025-10-26","25.00","AUD","1759770459","101429/2025-10-26/1759770459.json"
"485268","36127","2025-10-25","25.00","AUD","1759770459","101429/2025-10-25/1759770459.json"
"485268","36127","2025-10-27","25.00","AUD","1759770459","101429/2025-10-27/1759770459.json"
"485268","36127","2025-10-28","25.00","AUD","1759770459","101429/2025-10-28/1759770459.json"
"485268","36127","2025-10-30","25.00","AUD","1759770459","101429/2025-10-30/1759770459.json"
"485268","36127","2025-10-29","25.00","AUD","1759770459","101429/2025-10-29/1759770459.json"
"485268","36127","2025-10-31","25.00","AUD","1759770459","101429/2025-10-31/1759770459.json"
"485268","36127","2025-11-01","25.00","AUD","1759770459","101429/2025-11-01/1759770459.json"
"485268","36127","2025-11-02","25.00","AUD","1759770459","101429/2025-11-02/1759770459.json"
"485268","36127","2025-11-04","25.00","AUD","1759770459","101429/2025-11-04/1759770459.json"
"485268","36127","2025-11-03","25.00","AUD","1759770459","101429/2025-11-03/1759770459.json"
"485268","36127","2025-11-05","25.00","AUD","1759770459","101429/2025-11-05/1759770459.json"
"485268","36127","2025-11-06","25.00","AUD","1759770459","101429/2025-11-06/1759770459.json"
"485268","36127","2025-11-09","25.00","AUD","1759770459","101429/2025-11-09/1759770459.json"
"485268","36127","2025-11-07","25.00","AUD","1759770459","101429/2025-11-07/1759770459.json"
"485268","36127","2025-11-08","25.00","AUD","1759770459","101429/2025-11-08/1759770459.json"
"485268","36127","2025-11-10","25.00","AUD","1759770459","101429/2025-11-10/1759770459.json"
"485268","36127","2025-11-11","25.00","AUD","1759770459","101429/2025-11-11/1759770459.json"
"485268","36127","2025-11-13","25.00","AUD","1759770459","101429/2025-11-13/1759770459.json"
"485268","36127","2025-11-12","25.00","AUD","1759770459","101429/2025-11-12/1759770459.json"
"485268","36127","2025-11-14","25.00","AUD","1759770459","101429/2025-11-14/1759770459.json"
"485268","36127","2025-11-15","25.00","AUD","1759770459","101429/2025-11-15/1759770459.json"
"485268","36127","2025-11-17","25.00","AUD","1759770459","101429/2025-11-17/1759770459.json"
"485268","36127","2025-11-16","25.00","AUD","1759770459","101429/2025-11-16/1759770459.json"
"485268","36127","2025-11-20","25.00","AUD","1759770459","101429/2025-11-20/1759770459.json"
"485268","36127","2025-11-18","25.00","AUD","1759770459","101429/2025-11-18/1759770459.json"
"485268","36127","2025-11-21","25.00","AUD","1759770459","101429/2025-11-21/1759770459.json"
"485268","36127","2025-11-19","25.00","AUD","1759770459","101429/2025-11-19/1759770459.json"
"485268","36127","2025-11-22","25.00","AUD","1759770459","101429/2025-11-22/1759770459.json"
"485268","36127","2025-11-24","25.00","AUD","1759770459","101429/2025-11-24/1759770459.json"
"485268","36127","2025-11-23","25.00","AUD","1759770459","101429/2025-11-23/1759770459.json"
"485268","36127","2025-11-25","25.00","AUD","1759770459","101429/2025-11-25/1759770459.json"
"485268","36127","2025-11-28","25.00","AUD","1759770459","101429/2025-11-28/1759770459.json"
"485268","36127","2025-11-26","25.00","AUD","1759770459","101429/2025-11-26/1759770459.json"
"485268","36127","2025-11-29","25.00","AUD","1759770459","101429/2025-11-29/1759770459.json"
"485268","36127","2025-11-27","25.00","AUD","1759770459","101429/2025-11-27/1759770459.json"
"485268","36127","2025-11-30","25.00","AUD","1759770459","101429/2025-11-30/1759770459.json"
"485268","36127","2025-10-09","25.00","AUD","1759784266","101429/2025-10-09/1759784266.json"
"485268","36127","2025-10-08","25.00","AUD","1759784266","101429/2025-10-08/1759784266.json"
"485268","36127","2025-10-07","25.00","AUD","1759784266","101429/2025-10-07/1759784266.json"
"485268","36127","2025-10-10","25.00","AUD","1759784266","101429/2025-10-10/1759784266.json"
"485268","36127","2025-10-11","25.00","AUD","1759784266","101429/2025-10-11/1759784266.json"
"485268","36127","2025-10-12","25.00","AUD","1759784266","101429/2025-10-12/1759784266.json"
"485268","36127","2025-10-13","25.00","AUD","1759784266","101429/2025-10-13/1759784266.json"
"485268","36127","2025-10-14","25.00","AUD","1759784266","101429/2025-10-14/1759784266.json"
"485268","36127","2025-10-15","25.00","AUD","1759784266","101429/2025-10-15/1759784266.json"
"485268","36127","2025-10-16","25.00","AUD","1759784266","101429/2025-10-16/1759784266.json"
"485268","36127","2025-10-18","25.00","AUD","1759784266","101429/2025-10-18/1759784266.json"
"485268","36127","2025-10-17","25.00","AUD","1759784266","101429/2025-10-17/1759784266.json"
"485268","36127","2025-10-20","25.00","AUD","1759784266","101429/2025-10-20/1759784266.json"
"485268","36127","2025-10-19","25.00","AUD","1759784266","101429/2025-10-19/1759784266.json"
"485268","36127","2025-10-21","25.00","AUD","1759784266","101429/2025-10-21/1759784266.json"
"485268","36127","2025-10-22","25.00","AUD","1759784266","101429/2025-10-22/1759784266.json"
"485268","36127","2025-10-24","25.00","AUD","1759784266","101429/2025-10-24/1759784266.json"
"485268","36127","2025-10-25","25.00","AUD","1759784266","101429/2025-10-25/1759784266.json"
"485268","36127","2025-10-26","25.00","AUD","1759784266","101429/2025-10-26/1759784266.json"
"485268","36127","2025-10-28","25.00","AUD","1759784266","101429/2025-10-28/1759784266.json"
"485268","36127","2025-10-27","25.00","AUD","1759784266","101429/2025-10-27/1759784266.json"
"485268","36127","2025-10-30","25.00","AUD","1759784266","101429/2025-10-30/1759784266.json"
"485268","36127","2025-10-29","25.00","AUD","1759784266","101429/2025-10-29/1759784266.json"
"485268","36127","2025-11-02","25.00","AUD","1759784266","101429/2025-11-02/1759784266.json"
"485268","36127","2025-11-01","25.00","AUD","1759784266","101429/2025-11-01/1759784266.json"
"485268","36127","2025-11-03","25.00","AUD","1759784266","101429/2025-11-03/1759784266.json"
"485268","36127","2025-11-04","25.00","AUD","1759784266","101429/2025-11-04/1759784266.json"
"485268","36127","2025-11-05","25.00","AUD","1759784266","101429/2025-11-05/1759784266.json"
"485268","36127","2025-11-06","25.00","AUD","1759784266","101429/2025-11-06/1759784266.json"
"485268","36127","2025-10-23","25.00","AUD","1759784266","101429/2025-10-23/1759784266.json"
"485268","36127","2025-10-31","25.00","AUD","1759784266","101429/2025-10-31/1759784266.json"
"485268","36127","2025-11-08","25.00","AUD","1759784266","101429/2025-11-08/1759784266.json"
"485268","36127","2025-11-09","25.00","AUD","1759784266","101429/2025-11-09/1759784266.json"
"485268","36127","2025-11-07","25.00","AUD","1759784266","101429/2025-11-07/1759784266.json"
"485268","36127","2025-11-10","25.00","AUD","1759784266","101429/2025-11-10/1759784266.json"
"485268","36127","2025-11-11","25.00","AUD","1759784266","101429/2025-11-11/1759784266.json"
"485268","36127","2025-11-12","25.00","AUD","1759784266","101429/2025-11-12/1759784266.json"
"485268","36127","2025-11-13","25.00","AUD","1759784266","101429/2025-11-13/1759784266.json"
"485268","36127","2025-11-14","25.00","AUD","1759784266","101429/2025-11-14/1759784266.json"
"485268","36127","2025-11-15","25.00","AUD","1759784266","101429/2025-11-15/1759784266.json"
"485268","36127","2025-11-16","25.00","AUD","1759784266","101429/2025-11-16/1759784266.json"
"485268","36127","2025-11-18","25.00","AUD","1759784266","101429/2025-11-18/1759784266.json"
"485268","36127","2025-11-17","25.00","AUD","1759784266","101429/2025-11-17/1759784266.json"
"485268","36127","2025-11-20","25.00","AUD","1759784266","101429/2025-11-20/1759784266.json"
"485268","36127","2025-11-19","25.00","AUD","1759784266","101429/2025-11-19/1759784266.json"
"485268","36127","2025-11-21","25.00","AUD","1759784266","101429/2025-11-21/1759784266.json"
"485268","36127","2025-11-22","25.00","AUD","1759784266","101429/2025-11-22/1759784266.json"
"485268","36127","2025-11-24","25.00","AUD","1759784266","101429/2025-11-24/1759784266.json"
"485268","36127","2025-11-25","25.00","AUD","1759784266","101429/2025-11-25/1759784266.json"
"485268","36127","2025-11-26","25.00","AUD","1759784266","101429/2025-11-26/1759784266.json"
"485268","36127","2025-11-23","25.00","AUD","1759784266","101429/2025-11-23/1759784266.json"
"485268","36127","2025-11-27","25.00","AUD","1759784266","101429/2025-11-27/1759784266.json"
"485268","36127","2025-11-28","25.00","AUD","1759784266","101429/2025-11-28/1759784266.json"
"485268","36127","2025-11-29","25.00","AUD","1759784266","101429/2025-11-29/1759784266.json"
"485268","36127","2025-11-30","25.00","AUD","1759784266","101429/2025-11-30/1759784266.json"
"485268","36127","2025-10-10","25.00","AUD","1759807830","101429/2025-10-10/1759807830.json"
"485268","36127","2025-10-08","25.00","AUD","1759807830","101429/2025-10-08/1759807830.json"
"485268","36127","2025-10-09","25.00","AUD","1759807830","101429/2025-10-09/1759807830.json"
"485268","36127","2025-10-07","25.00","AUD","1759807830","101429/2025-10-07/1759807830.json"
"485268","36127","2025-10-12","25.00","AUD","1759807830","101429/2025-10-12/1759807830.json"
"485268","36127","2025-10-11","25.00","AUD","1759807830","101429/2025-10-11/1759807830.json"
"485268","36127","2025-10-14","25.00","AUD","1759807830","101429/2025-10-14/1759807830.json"
"485268","36127","2025-10-13","25.00","AUD","1759807830","101429/2025-10-13/1759807830.json"
"485268","36127","2025-10-16","25.00","AUD","1759807830","101429/2025-10-16/1759807830.json"
"485268","36127","2025-10-15","25.00","AUD","1759807830","101429/2025-10-15/1759807830.json"
"485268","36127","2025-10-17","25.00","AUD","1759807830","101429/2025-10-17/1759807830.json"
"485268","36127","2025-10-18","25.00","AUD","1759807830","101429/2025-10-18/1759807830.json"
"485268","36127","2025-10-20","25.00","AUD","1759807830","101429/2025-10-20/1759807830.json"
"485268","36127","2025-10-19","25.00","AUD","1759807830","101429/2025-10-19/1759807830.json"
"485268","36127","2025-10-22","25.00","AUD","1759807830","101429/2025-10-22/1759807830.json"
"485268","36127","2025-10-21","25.00","AUD","1759807830","101429/2025-10-21/1759807830.json"
"485268","36127","2025-10-24","25.00","AUD","1759807830","101429/2025-10-24/1759807830.json"
"485268","36127","2025-10-23","25.00","AUD","1759807830","101429/2025-10-23/1759807830.json"
"485268","36127","2025-10-25","25.00","AUD","1759807830","101429/2025-10-25/1759807830.json"
"485268","36127","2025-10-26","25.00","AUD","1759807830","101429/2025-10-26/1759807830.json"
"485268","36127","2025-10-27","25.00","AUD","1759807830","101429/2025-10-27/1759807830.json"
"485268","36127","2025-10-28","25.00","AUD","1759807830","101429/2025-10-28/1759807830.json"
"485268","36127","2025-10-29","25.00","AUD","1759807830","101429/2025-10-29/1759807830.json"
"485268","36127","2025-10-30","25.00","AUD","1759807830","101429/2025-10-30/1759807830.json"
"485268","36127","2025-11-01","25.00","AUD","1759807830","101429/2025-11-01/1759807830.json"
"485268","36127","2025-10-31","25.00","AUD","1759807830","101429/2025-10-31/1759807830.json"
"485268","36127","2025-11-02","25.00","AUD","1759807830","101429/2025-11-02/1759807830.json"
"485268","36127","2025-11-03","25.00","AUD","1759807830","101429/2025-11-03/1759807830.json"
"485268","36127","2025-11-04","25.00","AUD","1759807830","101429/2025-11-04/1759807830.json"
"485268","36127","2025-11-05","25.00","AUD","1759807830","101429/2025-11-05/1759807830.json"
"485268","36127","2025-11-06","25.00","AUD","1759807830","101429/2025-11-06/1759807830.json"
"485268","36127","2025-11-07","25.00","AUD","1759807830","101429/2025-11-07/1759807830.json"
"485268","36127","2025-11-08","25.00","AUD","1759807830","101429/2025-11-08/1759807830.json"
"485268","36127","2025-11-09","25.00","AUD","1759807830","101429/2025-11-09/1759807830.json"
"485268","36127","2025-11-10","25.00","AUD","1759807830","101429/2025-11-10/1759807830.json"
"485268","36127","2025-11-13","25.00","AUD","1759807830","101429/2025-11-13/1759807830.json"
"485268","36127","2025-11-11","25.00","AUD","1759807830","101429/2025-11-11/1759807830.json"
"485268","36127","2025-11-14","25.00","AUD","1759807830","101429/2025-11-14/1759807830.json"
"485268","36127","2025-11-12","25.00","AUD","1759807830","101429/2025-11-12/1759807830.json"
"485268","36127","2025-11-15","25.00","AUD","1759807830","101429/2025-11-15/1759807830.json"
"485268","36127","2025-11-16","25.00","AUD","1759807830","101429/2025-11-16/1759807830.json"
"485268","36127","2025-11-17","25.00","AUD","1759807830","101429/2025-11-17/1759807830.json"
"485268","36127","2025-11-18","25.00","AUD","1759807830","101429/2025-11-18/1759807830.json"
"485268","36127","2025-11-19","25.00","AUD","1759807830","101429/2025-11-19/1759807830.json"
"485268","36127","2025-11-20","25.00","AUD","1759807830","101429/2025-11-20/1759807830.json"
"485268","36127","2025-11-21","25.00","AUD","1759807830","101429/2025-11-21/1759807830.json"
"485268","36127","2025-11-22","25.00","AUD","1759807830","101429/2025-11-22/1759807830.json"
"485268","36127","2025-11-23","25.00","AUD","1759807830","101429/2025-11-23/1759807830.json"
"485268","36127","2025-11-25","25.00","AUD","1759807830","101429/2025-11-25/1759807830.json"
"485268","36127","2025-11-24","25.00","AUD","1759807830","101429/2025-11-24/1759807830.json"
"485268","36127","2025-11-26","25.00","AUD","1759807830","101429/2025-11-26/1759807830.json"
"485268","36127","2025-11-27","25.00","AUD","1759807830","101429/2025-11-27/1759807830.json"
"485268","36127","2025-11-29","25.00","AUD","1759807830","101429/2025-11-29/1759807830.json"
"485268","36127","2025-11-28","25.00","AUD","1759807830","101429/2025-11-28/1759807830.json"
"485268","36127","2025-11-30","25.00","AUD","1759807830","101429/2025-11-30/1759807830.json"
"485268","36127","2025-10-07","25.00","AUD","1759813253","101429/2025-10-07/1759813253.json"
"485268","36127","2025-10-08","25.00","AUD","1759813253","101429/2025-10-08/1759813253.json"
"485268","36127","2025-10-09","25.00","AUD","1759813253","101429/2025-10-09/1759813253.json"
"485268","36127","2025-10-10","25.00","AUD","1759813253","101429/2025-10-10/1759813253.json"
"485268","36127","2025-10-12","25.00","AUD","1759813253","101429/2025-10-12/1759813253.json"
"485268","36127","2025-10-14","25.00","AUD","1759813253","101429/2025-10-14/1759813253.json"
"485268","36127","2025-10-11","25.00","AUD","1759813253","101429/2025-10-11/1759813253.json"
"485268","36127","2025-10-13","25.00","AUD","1759813253","101429/2025-10-13/1759813253.json"
"485268","36127","2025-10-15","25.00","AUD","1759813253","101429/2025-10-15/1759813253.json"
"485268","36127","2025-10-18","25.00","AUD","1759813253","101429/2025-10-18/1759813253.json"
"485268","36127","2025-10-16","25.00","AUD","1759813253","101429/2025-10-16/1759813253.json"
"485268","36127","2025-10-17","25.00","AUD","1759813253","101429/2025-10-17/1759813253.json"
"485268","36127","2025-10-19","25.00","AUD","1759813253","101429/2025-10-19/1759813253.json"
"485268","36127","2025-10-20","25.00","AUD","1759813253","101429/2025-10-20/1759813253.json"
"485268","36127","2025-10-21","25.00","AUD","1759813253","101429/2025-10-21/1759813253.json"
"485268","36127","2025-10-22","25.00","AUD","1759813253","101429/2025-10-22/1759813253.json"
"485268","36127","2025-10-23","25.00","AUD","1759813253","101429/2025-10-23/1759813253.json"
"485268","36127","2025-10-24","25.00","AUD","1759813253","101429/2025-10-24/1759813253.json"
"485268","36127","2025-10-25","25.00","AUD","1759813253","101429/2025-10-25/1759813253.json"
"485268","36127","2025-10-26","25.00","AUD","1759813253","101429/2025-10-26/1759813253.json"
"485268","36127","2025-10-27","25.00","AUD","1759813253","101429/2025-10-27/1759813253.json"
"485268","36127","2025-10-28","25.00","AUD","1759813253","101429/2025-10-28/1759813253.json"
"485268","36127","2025-10-29","25.00","AUD","1759813253","101429/2025-10-29/1759813253.json"
"485268","36127","2025-10-30","25.00","AUD","1759813253","101429/2025-10-30/1759813253.json"
"485268","36127","2025-10-31","25.00","AUD","1759813253","101429/2025-10-31/1759813253.json"
"485268","36127","2025-11-01","25.00","AUD","1759813253","101429/2025-11-01/1759813253.json"
"485268","36127","2025-11-03","25.00","AUD","1759813253","101429/2025-11-03/1759813253.json"
"485268","36127","2025-11-02","25.00","AUD","1759813253","101429/2025-11-02/1759813253.json"
"485268","36127","2025-11-05","25.00","AUD","1759813253","101429/2025-11-05/1759813253.json"
"485268","36127","2025-11-04","25.00","AUD","1759813253","101429/2025-11-04/1759813253.json"
"485268","36127","2025-11-06","25.00","AUD","1759813253","101429/2025-11-06/1759813253.json"
"485268","36127","2025-11-07","25.00","AUD","1759813253","101429/2025-11-07/1759813253.json"
"485268","36127","2025-11-09","25.00","AUD","1759813253","101429/2025-11-09/1759813253.json"
"485268","36127","2025-11-08","25.00","AUD","1759813253","101429/2025-11-08/1759813253.json"
"485268","36127","2025-11-10","25.00","AUD","1759813253","101429/2025-11-10/1759813253.json"
"485268","36127","2025-11-11","25.00","AUD","1759813253","101429/2025-11-11/1759813253.json"
"485268","36127","2025-11-12","25.00","AUD","1759813253","101429/2025-11-12/1759813253.json"
"485268","36127","2025-11-13","25.00","AUD","1759813253","101429/2025-11-13/1759813253.json"
"485268","36127","2025-11-14","25.00","AUD","1759813253","101429/2025-11-14/1759813253.json"
"485268","36127","2025-11-15","25.00","AUD","1759813253","101429/2025-11-15/1759813253.json"
"485268","36127","2025-11-17","25.00","AUD","1759813253","101429/2025-11-17/1759813253.json"
"485268","36127","2025-11-16","25.00","AUD","1759813253","101429/2025-11-16/1759813253.json"
"485268","36127","2025-11-18","25.00","AUD","1759813253","101429/2025-11-18/1759813253.json"
"485268","36127","2025-11-19","25.00","AUD","1759813253","101429/2025-11-19/1759813253.json"
"485268","36127","2025-11-20","25.00","AUD","1759813253","101429/2025-11-20/1759813253.json"
"485268","36127","2025-11-21","25.00","AUD","1759813253","101429/2025-11-21/1759813253.json"
"485268","36127","2025-11-22","25.00","AUD","1759813253","101429/2025-11-22/1759813253.json"
"485268","36127","2025-11-23","25.00","AUD","1759813253","101429/2025-11-23/1759813253.json"
"485268","36127","2025-11-24","25.00","AUD","1759813253","101429/2025-11-24/1759813253.json"
"485268","36127","2025-11-25","25.00","AUD","1759813253","101429/2025-11-25/1759813253.json"
"485268","36127","2025-11-26","25.00","AUD","1759813253","101429/2025-11-26/1759813253.json"
"485268","36127","2025-11-27","25.00","AUD","1759813253","101429/2025-11-27/1759813253.json"
"485268","36127","2025-11-29","25.00","AUD","1759813253","101429/2025-11-29/1759813253.json"
"485268","36127","2025-11-28","25.00","AUD","1759813253","101429/2025-11-28/1759813253.json"
"485268","36127","2025-11-30","25.00","AUD","1759813253","101429/2025-11-30/1759813253.json"
"485268","36127","2025-10-09","25.00","AUD","1759828234","101429/2025-10-09/1759828234.json"
"485268","36127","2025-10-08","25.00","AUD","1759828234","101429/2025-10-08/1759828234.json"
"485268","36127","2025-10-10","25.00","AUD","1759828234","101429/2025-10-10/1759828234.json"
"485268","36127","2025-10-12","25.00","AUD","1759828234","101429/2025-10-12/1759828234.json"
"485268","36127","2025-10-14","25.00","AUD","1759828234","101429/2025-10-14/1759828234.json"
"485268","36127","2025-10-13","25.00","AUD","1759828234","101429/2025-10-13/1759828234.json"
"485268","36127","2025-10-11","25.00","AUD","1759828234","101429/2025-10-11/1759828234.json"
"485268","36127","2025-10-16","25.00","AUD","1759828234","101429/2025-10-16/1759828234.json"
"485268","36127","2025-10-15","25.00","AUD","1759828234","101429/2025-10-15/1759828234.json"
"485268","36127","2025-10-17","25.00","AUD","1759828234","101429/2025-10-17/1759828234.json"
"485268","36127","2025-10-18","25.00","AUD","1759828234","101429/2025-10-18/1759828234.json"
"485268","36127","2025-10-21","25.00","AUD","1759828234","101429/2025-10-21/1759828234.json"
"485268","36127","2025-10-19","25.00","AUD","1759828234","101429/2025-10-19/1759828234.json"
"485268","36127","2025-10-22","25.00","AUD","1759828234","101429/2025-10-22/1759828234.json"
"485268","36127","2025-10-20","25.00","AUD","1759828234","101429/2025-10-20/1759828234.json"
"485268","36127","2025-10-23","25.00","AUD","1759828234","101429/2025-10-23/1759828234.json"
"485268","36127","2025-10-25","25.00","AUD","1759828234","101429/2025-10-25/1759828234.json"
"485268","36127","2025-10-24","25.00","AUD","1759828234","101429/2025-10-24/1759828234.json"
"485268","36127","2025-10-26","25.00","AUD","1759828234","101429/2025-10-26/1759828234.json"
"485268","36127","2025-10-27","25.00","AUD","1759828234","101429/2025-10-27/1759828234.json"
"485268","36127","2025-10-29","25.00","AUD","1759828234","101429/2025-10-29/1759828234.json"
"485268","36127","2025-10-30","25.00","AUD","1759828234","101429/2025-10-30/1759828234.json"
"485268","36127","2025-10-28","25.00","AUD","1759828234","101429/2025-10-28/1759828234.json"
"485268","36127","2025-10-31","25.00","AUD","1759828234","101429/2025-10-31/1759828234.json"
"485268","36127","2025-11-01","25.00","AUD","1759828234","101429/2025-11-01/1759828234.json"
"485268","36127","2025-11-03","25.00","AUD","1759828234","101429/2025-11-03/1759828234.json"
"485268","36127","2025-11-02","25.00","AUD","1759828234","101429/2025-11-02/1759828234.json"
"485268","36127","2025-11-04","25.00","AUD","1759828234","101429/2025-11-04/1759828234.json"
"485268","36127","2025-11-05","25.00","AUD","1759828234","101429/2025-11-05/1759828234.json"
"485268","36127","2025-11-06","25.00","AUD","1759828234","101429/2025-11-06/1759828234.json"
"485268","36127","2025-11-07","25.00","AUD","1759828234","101429/2025-11-07/1759828234.json"
"485268","36127","2025-11-08","25.00","AUD","1759828234","101429/2025-11-08/1759828234.json"
"485268","36127","2025-11-10","25.00","AUD","1759828234","101429/2025-11-10/1759828234.json"
"485268","36127","2025-11-09","25.00","AUD","1759828234","101429/2025-11-09/1759828234.json"
"485268","36127","2025-11-12","25.00","AUD","1759828234","101429/2025-11-12/1759828234.json"
"485268","36127","2025-11-11","25.00","AUD","1759828234","101429/2025-11-11/1759828234.json"
"485268","36127","2025-11-13","25.00","AUD","1759828234","101429/2025-11-13/1759828234.json"
"485268","36127","2025-11-14","25.00","AUD","1759828234","101429/2025-11-14/1759828234.json"
"485268","36127","2025-11-15","25.00","AUD","1759828234","101429/2025-11-15/1759828234.json"
"485268","36127","2025-11-16","25.00","AUD","1759828234","101429/2025-11-16/1759828234.json"
"485268","36127","2025-11-17","25.00","AUD","1759828234","101429/2025-11-17/1759828234.json"
"485268","36127","2025-11-18","25.00","AUD","1759828234","101429/2025-11-18/1759828234.json"
"485268","36127","2025-11-19","25.00","AUD","1759828234","101429/2025-11-19/1759828234.json"
"485268","36127","2025-11-20","25.00","AUD","1759828234","101429/2025-11-20/1759828234.json"
"485268","36127","2025-11-21","25.00","AUD","1759828234","101429/2025-11-21/1759828234.json"
"485268","36127","2025-11-23","25.00","AUD","1759828234","101429/2025-11-23/1759828234.json"
"485268","36127","2025-11-22","25.00","AUD","1759828234","101429/2025-11-22/1759828234.json"
"485268","36127","2025-11-24","25.00","AUD","1759828234","101429/2025-11-24/1759828234.json"
"485268","36127","2025-11-25","25.00","AUD","1759828234","101429/2025-11-25/1759828234.json"
"485268","36127","2025-11-26","25.00","AUD","1759828234","101429/2025-11-26/1759828234.json"
"485268","36127","2025-11-28","25.00","AUD","1759828234","101429/2025-11-28/1759828234.json"
"485268","36127","2025-11-27","25.00","AUD","1759828234","101429/2025-11-27/1759828234.json"
"485268","36127","2025-11-29","25.00","AUD","1759828234","101429/2025-11-29/1759828234.json"
"485268","36127","2025-11-30","25.00","AUD","1759828234","101429/2025-11-30/1759828234.json"
"485268","36127","2025-10-09","25.00","AUD","1759845699","101429/2025-10-09/1759845699.json"
"485268","36127","2025-10-08","25.00","AUD","1759845699","101429/2025-10-08/1759845699.json"
"485268","36127","2025-10-10","25.00","AUD","1759845699","101429/2025-10-10/1759845699.json"
"485268","36127","2025-10-11","25.00","AUD","1759845699","101429/2025-10-11/1759845699.json"
"485268","36127","2025-10-13","25.00","AUD","1759845699","101429/2025-10-13/1759845699.json"
"485268","36127","2025-10-12","25.00","AUD","1759845699","101429/2025-10-12/1759845699.json"
"485268","36127","2025-10-14","25.00","AUD","1759845699","101429/2025-10-14/1759845699.json"
"485268","36127","2025-10-15","25.00","AUD","1759845699","101429/2025-10-15/1759845699.json"
"485268","36127","2025-10-17","25.00","AUD","1759845699","101429/2025-10-17/1759845699.json"
"485268","36127","2025-10-19","25.00","AUD","1759845699","101429/2025-10-19/1759845699.json"
"485268","36127","2025-10-16","25.00","AUD","1759845699","101429/2025-10-16/1759845699.json"
"485268","36127","2025-10-18","25.00","AUD","1759845699","101429/2025-10-18/1759845699.json"
"485268","36127","2025-10-21","25.00","AUD","1759845699","101429/2025-10-21/1759845699.json"
"485268","36127","2025-10-23","25.00","AUD","1759845699","101429/2025-10-23/1759845699.json"
"485268","36127","2025-10-20","25.00","AUD","1759845699","101429/2025-10-20/1759845699.json"
"485268","36127","2025-10-24","25.00","AUD","1759845699","101429/2025-10-24/1759845699.json"
"485268","36127","2025-10-25","25.00","AUD","1759845699","101429/2025-10-25/1759845699.json"
"485268","36127","2025-10-26","25.00","AUD","1759845699","101429/2025-10-26/1759845699.json"
"485268","36127","2025-10-28","25.00","AUD","1759845699","101429/2025-10-28/1759845699.json"
"485268","36127","2025-10-27","25.00","AUD","1759845699","101429/2025-10-27/1759845699.json"
"485268","36127","2025-10-29","25.00","AUD","1759845699","101429/2025-10-29/1759845699.json"
"485268","36127","2025-10-30","25.00","AUD","1759845699","101429/2025-10-30/1759845699.json"
"485268","36127","2025-10-31","25.00","AUD","1759845699","101429/2025-10-31/1759845699.json"
"485268","36127","2025-11-01","25.00","AUD","1759845699","101429/2025-11-01/1759845699.json"
"485268","36127","2025-11-03","25.00","AUD","1759845699","101429/2025-11-03/1759845699.json"
"485268","36127","2025-11-02","25.00","AUD","1759845699","101429/2025-11-02/1759845699.json"
"485268","36127","2025-11-04","25.00","AUD","1759845699","101429/2025-11-04/1759845699.json"
"485268","36127","2025-11-05","25.00","AUD","1759845699","101429/2025-11-05/1759845699.json"
"485268","36127","2025-11-06","25.00","AUD","1759845699","101429/2025-11-06/1759845699.json"
"485268","36127","2025-11-07","25.00","AUD","1759845699","101429/2025-11-07/1759845699.json"
"485268","36127","2025-11-08","25.00","AUD","1759845699","101429/2025-11-08/1759845699.json"
"485268","36127","2025-11-09","25.00","AUD","1759845699","101429/2025-11-09/1759845699.json"
"485268","36127","2025-11-10","25.00","AUD","1759845699","101429/2025-11-10/1759845699.json"
"485268","36127","2025-11-11","25.00","AUD","1759845699","101429/2025-11-11/1759845699.json"
"485268","36127","2025-11-12","25.00","AUD","1759845699","101429/2025-11-12/1759845699.json"
"485268","36127","2025-11-13","25.00","AUD","1759845699","101429/2025-11-13/1759845699.json"
"485268","36127","2025-11-15","25.00","AUD","1759845699","101429/2025-11-15/1759845699.json"
"485268","36127","2025-11-14","25.00","AUD","1759845699","101429/2025-11-14/1759845699.json"
"485268","36127","2025-11-16","25.00","AUD","1759845699","101429/2025-11-16/1759845699.json"
"485268","36127","2025-11-17","25.00","AUD","1759845699","101429/2025-11-17/1759845699.json"
"485268","36127","2025-11-19","25.00","AUD","1759845699","101429/2025-11-19/1759845699.json"
"485268","36127","2025-11-20","25.00","AUD","1759845699","101429/2025-11-20/1759845699.json"
"485268","36127","2025-11-21","25.00","AUD","1759845699","101429/2025-11-21/1759845699.json"
"485268","36127","2025-11-22","25.00","AUD","1759845699","101429/2025-11-22/1759845699.json"
"485268","36127","2025-11-23","25.00","AUD","1759845699","101429/2025-11-23/1759845699.json"
"485268","36127","2025-10-22","25.00","AUD","1759845699","101429/2025-10-22/1759845699.json"
"485268","36127","2025-11-24","25.00","AUD","1759845699","101429/2025-11-24/1759845699.json"
"485268","36127","2025-11-18","25.00","AUD","1759845699","101429/2025-11-18/1759845699.json"
"485268","36127","2025-11-25","25.00","AUD","1759845699","101429/2025-11-25/1759845699.json"
"485268","36127","2025-11-26","25.00","AUD","1759845699","101429/2025-11-26/1759845699.json"
"485268","36127","2025-11-27","25.00","AUD","1759845699","101429/2025-11-27/1759845699.json"
"485268","36127","2025-11-28","25.00","AUD","1759845699","101429/2025-11-28/1759845699.json"
"485268","36127","2025-11-29","25.00","AUD","1759845699","101429/2025-11-29/1759845699.json"
"485268","36127","2025-11-30","25.00","AUD","1759845699","101429/2025-11-30/1759845699.json"
"485268","36127","2025-10-10","25.00","AUD","1759856850","101429/2025-10-10/1759856850.json"
"485268","36127","2025-10-09","25.00","AUD","1759856850","101429/2025-10-09/1759856850.json"
"485268","36127","2025-10-08","25.00","AUD","1759856850","101429/2025-10-08/1759856850.json"
"485268","36127","2025-10-11","25.00","AUD","1759856850","101429/2025-10-11/1759856850.json"
"485268","36127","2025-10-12","25.00","AUD","1759856850","101429/2025-10-12/1759856850.json"
"485268","36127","2025-10-15","25.00","AUD","1759856850","101429/2025-10-15/1759856850.json"
"485268","36127","2025-10-13","25.00","AUD","1759856850","101429/2025-10-13/1759856850.json"
"485268","36127","2025-10-14","25.00","AUD","1759856850","101429/2025-10-14/1759856850.json"
"485268","36127","2025-10-16","25.00","AUD","1759856850","101429/2025-10-16/1759856850.json"
"485268","36127","2025-10-19","25.00","AUD","1759856850","101429/2025-10-19/1759856850.json"
"485268","36127","2025-10-18","25.00","AUD","1759856850","101429/2025-10-18/1759856850.json"
"485268","36127","2025-10-17","25.00","AUD","1759856850","101429/2025-10-17/1759856850.json"
"485268","36127","2025-10-20","25.00","AUD","1759856850","101429/2025-10-20/1759856850.json"
"485268","36127","2025-10-21","25.00","AUD","1759856850","101429/2025-10-21/1759856850.json"
"485268","36127","2025-10-22","25.00","AUD","1759856850","101429/2025-10-22/1759856850.json"
"485268","36127","2025-10-23","25.00","AUD","1759856850","101429/2025-10-23/1759856850.json"
"485268","36127","2025-10-24","25.00","AUD","1759856850","101429/2025-10-24/1759856850.json"
"485268","36127","2025-10-26","25.00","AUD","1759856850","101429/2025-10-26/1759856850.json"
"485268","36127","2025-10-25","25.00","AUD","1759856850","101429/2025-10-25/1759856850.json"
"485268","36127","2025-10-27","25.00","AUD","1759856850","101429/2025-10-27/1759856850.json"
"485268","36127","2025-10-28","25.00","AUD","1759856850","101429/2025-10-28/1759856850.json"
"485268","36127","2025-10-30","25.00","AUD","1759856850","101429/2025-10-30/1759856850.json"
"485268","36127","2025-10-31","25.00","AUD","1759856850","101429/2025-10-31/1759856850.json"
"485268","36127","2025-10-29","25.00","AUD","1759856850","101429/2025-10-29/1759856850.json"
"485268","36127","2025-11-01","25.00","AUD","1759856850","101429/2025-11-01/1759856850.json"
"485268","36127","2025-11-02","25.00","AUD","1759856850","101429/2025-11-02/1759856850.json"
"485268","36127","2025-11-04","25.00","AUD","1759856850","101429/2025-11-04/1759856850.json"
"485268","36127","2025-11-03","25.00","AUD","1759856850","101429/2025-11-03/1759856850.json"
"485268","36127","2025-11-05","25.00","AUD","1759856850","101429/2025-11-05/1759856850.json"
"485268","36127","2025-11-06","25.00","AUD","1759856850","101429/2025-11-06/1759856850.json"
"485268","36127","2025-11-07","25.00","AUD","1759856850","101429/2025-11-07/1759856850.json"
"485268","36127","2025-11-08","25.00","AUD","1759856850","101429/2025-11-08/1759856850.json"
"485268","36127","2025-11-09","25.00","AUD","1759856850","101429/2025-11-09/1759856850.json"
"485268","36127","2025-11-10","25.00","AUD","1759856850","101429/2025-11-10/1759856850.json"
"485268","36127","2025-11-11","25.00","AUD","1759856850","101429/2025-11-11/1759856850.json"
"485268","36127","2025-11-12","25.00","AUD","1759856850","101429/2025-11-12/1759856850.json"
"485268","36127","2025-11-14","25.00","AUD","1759856850","101429/2025-11-14/1759856850.json"
"485268","36127","2025-11-15","25.00","AUD","1759856850","101429/2025-11-15/1759856850.json"
"485268","36127","2025-11-16","25.00","AUD","1759856850","101429/2025-11-16/1759856850.json"
"485268","36127","2025-11-17","25.00","AUD","1759856850","101429/2025-11-17/1759856850.json"
"485268","36127","2025-11-18","25.00","AUD","1759856850","101429/2025-11-18/1759856850.json"
"485268","36127","2025-11-13","25.00","AUD","1759856850","101429/2025-11-13/1759856850.json"
"485268","36127","2025-11-19","25.00","AUD","1759856850","101429/2025-11-19/1759856850.json"
"485268","36127","2025-11-20","25.00","AUD","1759856850","101429/2025-11-20/1759856850.json"
"485268","36127","2025-11-21","25.00","AUD","1759856850","101429/2025-11-21/1759856850.json"
"485268","36127","2025-11-22","25.00","AUD","1759856850","101429/2025-11-22/1759856850.json"
"485268","36127","2025-11-23","25.00","AUD","1759856850","101429/2025-11-23/1759856850.json"
"485268","36127","2025-11-24","25.00","AUD","1759856850","101429/2025-11-24/1759856850.json"
"485268","36127","2025-11-25","25.00","AUD","1759856850","101429/2025-11-25/1759856850.json"
"485268","36127","2025-11-26","25.00","AUD","1759856850","101429/2025-11-26/1759856850.json"
"485268","36127","2025-11-27","25.00","AUD","1759856850","101429/2025-11-27/1759856850.json"
"485268","36127","2025-11-28","25.00","AUD","1759856850","101429/2025-11-28/1759856850.json"
"485268","36127","2025-11-30","25.00","AUD","1759856850","101429/2025-11-30/1759856850.json"
"485268","36127","2025-11-29","25.00","AUD","1759856850","101429/2025-11-29/1759856850.json"
"485268","36127","2025-10-08","25.00","AUD","1759870611","101429/2025-10-08/1759870611.json"
"485268","36127","2025-10-10","25.00","AUD","1759870611","101429/2025-10-10/1759870611.json"
"485268","36127","2025-10-09","25.00","AUD","1759870611","101429/2025-10-09/1759870611.json"
"485268","36127","2025-10-13","25.00","AUD","1759870611","101429/2025-10-13/1759870611.json"
"485268","36127","2025-10-12","25.00","AUD","1759870611","101429/2025-10-12/1759870611.json"
"485268","36127","2025-10-11","25.00","AUD","1759870611","101429/2025-10-11/1759870611.json"
"485268","36127","2025-10-14","25.00","AUD","1759870611","101429/2025-10-14/1759870611.json"
"485268","36127","2025-10-15","25.00","AUD","1759870611","101429/2025-10-15/1759870611.json"
"485268","36127","2025-10-17","25.00","AUD","1759870611","101429/2025-10-17/1759870611.json"
"485268","36127","2025-10-18","25.00","AUD","1759870611","101429/2025-10-18/1759870611.json"
"485268","36127","2025-10-16","25.00","AUD","1759870611","101429/2025-10-16/1759870611.json"
"485268","36127","2025-10-19","25.00","AUD","1759870611","101429/2025-10-19/1759870611.json"
"485268","36127","2025-10-20","25.00","AUD","1759870611","101429/2025-10-20/1759870611.json"
"485268","36127","2025-10-21","25.00","AUD","1759870611","101429/2025-10-21/1759870611.json"
"485268","36127","2025-10-22","25.00","AUD","1759870611","101429/2025-10-22/1759870611.json"
"485268","36127","2025-10-23","25.00","AUD","1759870611","101429/2025-10-23/1759870611.json"
"485268","36127","2025-10-24","25.00","AUD","1759870611","101429/2025-10-24/1759870611.json"
"485268","36127","2025-10-25","25.00","AUD","1759870611","101429/2025-10-25/1759870611.json"
"485268","36127","2025-10-26","25.00","AUD","1759870611","101429/2025-10-26/1759870611.json"
"485268","36127","2025-10-27","25.00","AUD","1759870611","101429/2025-10-27/1759870611.json"
"485268","36127","2025-10-28","25.00","AUD","1759870611","101429/2025-10-28/1759870611.json"
"485268","36127","2025-10-29","25.00","AUD","1759870611","101429/2025-10-29/1759870611.json"
"485268","36127","2025-10-30","25.00","AUD","1759870611","101429/2025-10-30/1759870611.json"
"485268","36127","2025-11-01","25.00","AUD","1759870611","101429/2025-11-01/1759870611.json"
"485268","36127","2025-10-31","25.00","AUD","1759870611","101429/2025-10-31/1759870611.json"
"485268","36127","2025-11-02","25.00","AUD","1759870611","101429/2025-11-02/1759870611.json"
"485268","36127","2025-11-04","25.00","AUD","1759870611","101429/2025-11-04/1759870611.json"
"485268","36127","2025-11-05","25.00","AUD","1759870611","101429/2025-11-05/1759870611.json"
"485268","36127","2025-11-03","25.00","AUD","1759870611","101429/2025-11-03/1759870611.json"
"485268","36127","2025-11-06","25.00","AUD","1759870611","101429/2025-11-06/1759870611.json"
"485268","36127","2025-11-07","25.00","AUD","1759870611","101429/2025-11-07/1759870611.json"
"485268","36127","2025-11-08","25.00","AUD","1759870611","101429/2025-11-08/1759870611.json"
"485268","36127","2025-11-09","25.00","AUD","1759870611","101429/2025-11-09/1759870611.json"
"485268","36127","2025-11-10","25.00","AUD","1759870611","101429/2025-11-10/1759870611.json"
"485268","36127","2025-11-11","25.00","AUD","1759870611","101429/2025-11-11/1759870611.json"
"485268","36127","2025-11-12","25.00","AUD","1759870611","101429/2025-11-12/1759870611.json"
"485268","36127","2025-11-13","25.00","AUD","1759870611","101429/2025-11-13/1759870611.json"
"485268","36127","2025-11-14","25.00","AUD","1759870611","101429/2025-11-14/1759870611.json"
"485268","36127","2025-11-15","25.00","AUD","1759870611","101429/2025-11-15/1759870611.json"
"485268","36127","2025-11-16","25.00","AUD","1759870611","101429/2025-11-16/1759870611.json"
"485268","36127","2025-11-17","25.00","AUD","1759870611","101429/2025-11-17/1759870611.json"
"485268","36127","2025-11-18","25.00","AUD","1759870611","101429/2025-11-18/1759870611.json"
"485268","36127","2025-11-19","25.00","AUD","1759870611","101429/2025-11-19/1759870611.json"
"485268","36127","2025-11-20","25.00","AUD","1759870611","101429/2025-11-20/1759870611.json"
"485268","36127","2025-11-21","25.00","AUD","1759870611","101429/2025-11-21/1759870611.json"
"485268","36127","2025-11-22","25.00","AUD","1759870611","101429/2025-11-22/1759870611.json"
"485268","36127","2025-11-23","25.00","AUD","1759870611","101429/2025-11-23/1759870611.json"
"485268","36127","2025-11-24","25.00","AUD","1759870611","101429/2025-11-24/1759870611.json"
"485268","36127","2025-11-26","25.00","AUD","1759870611","101429/2025-11-26/1759870611.json"
"485268","36127","2025-11-25","25.00","AUD","1759870611","101429/2025-11-25/1759870611.json"
"485268","36127","2025-11-27","25.00","AUD","1759870611","101429/2025-11-27/1759870611.json"
"485268","36127","2025-11-28","25.00","AUD","1759870611","101429/2025-11-28/1759870611.json"
"485268","36127","2025-11-29","25.00","AUD","1759870611","101429/2025-11-29/1759870611.json"
"485268","36127","2025-11-30","25.00","AUD","1759870611","101429/2025-11-30/1759870611.json"
"485268","36127","2025-10-09","25.00","AUD","1759894001","101429/2025-10-09/1759894001.json"
"485268","36127","2025-10-10","25.00","AUD","1759894001","101429/2025-10-10/1759894001.json"
"485268","36127","2025-10-11","25.00","AUD","1759894001","101429/2025-10-11/1759894001.json"
"485268","36127","2025-10-08","25.00","AUD","1759894001","101429/2025-10-08/1759894001.json"
"485268","36127","2025-10-13","25.00","AUD","1759894001","101429/2025-10-13/1759894001.json"
"485268","36127","2025-10-15","25.00","AUD","1759894001","101429/2025-10-15/1759894001.json"
"485268","36127","2025-10-14","25.00","AUD","1759894001","101429/2025-10-14/1759894001.json"
"485268","36127","2025-10-12","25.00","AUD","1759894001","101429/2025-10-12/1759894001.json"
"485268","36127","2025-10-19","25.00","AUD","1759894001","101429/2025-10-19/1759894001.json"
"485268","36127","2025-10-18","25.00","AUD","1759894001","101429/2025-10-18/1759894001.json"
"485268","36127","2025-10-17","25.00","AUD","1759894001","101429/2025-10-17/1759894001.json"
"485268","36127","2025-10-16","25.00","AUD","1759894001","101429/2025-10-16/1759894001.json"
"485268","36127","2025-10-20","25.00","AUD","1759894001","101429/2025-10-20/1759894001.json"
"485268","36127","2025-10-21","25.00","AUD","1759894001","101429/2025-10-21/1759894001.json"
"485268","36127","2025-10-23","25.00","AUD","1759894001","101429/2025-10-23/1759894001.json"
"485268","36127","2025-10-22","25.00","AUD","1759894001","101429/2025-10-22/1759894001.json"
"485268","36127","2025-10-24","25.00","AUD","1759894001","101429/2025-10-24/1759894001.json"
"485268","36127","2025-10-27","25.00","AUD","1759894001","101429/2025-10-27/1759894001.json"
"485268","36127","2025-10-26","25.00","AUD","1759894001","101429/2025-10-26/1759894001.json"
"485268","36127","2025-10-25","25.00","AUD","1759894001","101429/2025-10-25/1759894001.json"
"485268","36127","2025-10-28","25.00","AUD","1759894001","101429/2025-10-28/1759894001.json"
"485268","36127","2025-10-30","25.00","AUD","1759894001","101429/2025-10-30/1759894001.json"
"485268","36127","2025-10-29","25.00","AUD","1759894001","101429/2025-10-29/1759894001.json"
"485268","36127","2025-10-31","25.00","AUD","1759894001","101429/2025-10-31/1759894001.json"
"485268","36127","2025-11-04","25.00","AUD","1759894001","101429/2025-11-04/1759894001.json"
"485268","36127","2025-11-01","25.00","AUD","1759894001","101429/2025-11-01/1759894001.json"
"485268","36127","2025-11-03","25.00","AUD","1759894001","101429/2025-11-03/1759894001.json"
"485268","36127","2025-11-02","25.00","AUD","1759894001","101429/2025-11-02/1759894001.json"
"485268","36127","2025-11-06","25.00","AUD","1759894001","101429/2025-11-06/1759894001.json"
"485268","36127","2025-11-05","25.00","AUD","1759894001","101429/2025-11-05/1759894001.json"
"485268","36127","2025-11-08","25.00","AUD","1759894001","101429/2025-11-08/1759894001.json"
"485268","36127","2025-11-07","25.00","AUD","1759894001","101429/2025-11-07/1759894001.json"
"485268","36127","2025-11-09","25.00","AUD","1759894001","101429/2025-11-09/1759894001.json"
"485268","36127","2025-11-11","25.00","AUD","1759894001","101429/2025-11-11/1759894001.json"
"485268","36127","2025-11-12","25.00","AUD","1759894001","101429/2025-11-12/1759894001.json"
"485268","36127","2025-11-10","25.00","AUD","1759894001","101429/2025-11-10/1759894001.json"
"485268","36127","2025-11-13","25.00","AUD","1759894001","101429/2025-11-13/1759894001.json"
"485268","36127","2025-11-14","25.00","AUD","1759894001","101429/2025-11-14/1759894001.json"
"485268","36127","2025-11-15","25.00","AUD","1759894001","101429/2025-11-15/1759894001.json"
"485268","36127","2025-11-17","25.00","AUD","1759894001","101429/2025-11-17/1759894001.json"
"485268","36127","2025-11-16","25.00","AUD","1759894001","101429/2025-11-16/1759894001.json"
"485268","36127","2025-11-18","25.00","AUD","1759894001","101429/2025-11-18/1759894001.json"
"485268","36127","2025-11-19","25.00","AUD","1759894001","101429/2025-11-19/1759894001.json"
"485268","36127","2025-11-21","25.00","AUD","1759894001","101429/2025-11-21/1759894001.json"
"485268","36127","2025-11-20","25.00","AUD","1759894001","101429/2025-11-20/1759894001.json"
"485268","36127","2025-11-22","25.00","AUD","1759894001","101429/2025-11-22/1759894001.json"
"485268","36127","2025-11-23","25.00","AUD","1759894001","101429/2025-11-23/1759894001.json"
"485268","36127","2025-11-25","25.00","AUD","1759894001","101429/2025-11-25/1759894001.json"
"485268","36127","2025-11-26","25.00","AUD","1759894001","101429/2025-11-26/1759894001.json"
"485268","36127","2025-11-27","25.00","AUD","1759894001","101429/2025-11-27/1759894001.json"
"485268","36127","2025-11-28","25.00","AUD","1759894001","101429/2025-11-28/1759894001.json"
"485268","36127","2025-11-24","25.00","AUD","1759894001","101429/2025-11-24/1759894001.json"
"485268","36127","2025-11-29","25.00","AUD","1759894001","101429/2025-11-29/1759894001.json"
"485268","36127","2025-11-30","25.00","AUD","1759894001","101429/2025-11-30/1759894001.json"
"485268","36127","2025-10-10","25.00","AUD","1759899924","101429/2025-10-10/1759899924.json"
"485268","36127","2025-10-11","25.00","AUD","1759899924","101429/2025-10-11/1759899924.json"
"485268","36127","2025-10-08","25.00","AUD","1759899924","101429/2025-10-08/1759899924.json"
"485268","36127","2025-10-09","25.00","AUD","1759899924","101429/2025-10-09/1759899924.json"
"485268","36127","2025-10-13","25.00","AUD","1759899924","101429/2025-10-13/1759899924.json"
"485268","36127","2025-10-14","25.00","AUD","1759899924","101429/2025-10-14/1759899924.json"
"485268","36127","2025-10-12","25.00","AUD","1759899924","101429/2025-10-12/1759899924.json"
"485268","36127","2025-10-15","25.00","AUD","1759899924","101429/2025-10-15/1759899924.json"
"485268","36127","2025-10-16","25.00","AUD","1759899924","101429/2025-10-16/1759899924.json"
"485268","36127","2025-10-17","25.00","AUD","1759899924","101429/2025-10-17/1759899924.json"
"485268","36127","2025-10-19","25.00","AUD","1759899924","101429/2025-10-19/1759899924.json"
"485268","36127","2025-10-18","25.00","AUD","1759899924","101429/2025-10-18/1759899924.json"
"485268","36127","2025-10-20","25.00","AUD","1759899924","101429/2025-10-20/1759899924.json"
"485268","36127","2025-10-21","25.00","AUD","1759899924","101429/2025-10-21/1759899924.json"
"485268","36127","2025-10-22","25.00","AUD","1759899924","101429/2025-10-22/1759899924.json"
"485268","36127","2025-10-25","25.00","AUD","1759899924","101429/2025-10-25/1759899924.json"
"485268","36127","2025-10-26","25.00","AUD","1759899924","101429/2025-10-26/1759899924.json"
"485268","36127","2025-10-24","25.00","AUD","1759899924","101429/2025-10-24/1759899924.json"
"485268","36127","2025-10-27","25.00","AUD","1759899924","101429/2025-10-27/1759899924.json"
"485268","36127","2025-10-28","25.00","AUD","1759899924","101429/2025-10-28/1759899924.json"
"485268","36127","2025-10-29","25.00","AUD","1759899924","101429/2025-10-29/1759899924.json"
"485268","36127","2025-10-30","25.00","AUD","1759899924","101429/2025-10-30/1759899924.json"
"485268","36127","2025-10-31","25.00","AUD","1759899924","101429/2025-10-31/1759899924.json"
"485268","36127","2025-11-01","25.00","AUD","1759899924","101429/2025-11-01/1759899924.json"
"485268","36127","2025-10-23","25.00","AUD","1759899924","101429/2025-10-23/1759899924.json"
"485268","36127","2025-11-03","25.00","AUD","1759899924","101429/2025-11-03/1759899924.json"
"485268","36127","2025-11-02","25.00","AUD","1759899924","101429/2025-11-02/1759899924.json"
"485268","36127","2025-11-04","25.00","AUD","1759899924","101429/2025-11-04/1759899924.json"
"485268","36127","2025-11-05","25.00","AUD","1759899924","101429/2025-11-05/1759899924.json"
"485268","36127","2025-11-06","25.00","AUD","1759899924","101429/2025-11-06/1759899924.json"
"485268","36127","2025-11-07","25.00","AUD","1759899924","101429/2025-11-07/1759899924.json"
"485268","36127","2025-11-08","25.00","AUD","1759899924","101429/2025-11-08/1759899924.json"
"485268","36127","2025-11-09","25.00","AUD","1759899924","101429/2025-11-09/1759899924.json"
"485268","36127","2025-11-10","25.00","AUD","1759899924","101429/2025-11-10/1759899924.json"
"485268","36127","2025-11-11","25.00","AUD","1759899924","101429/2025-11-11/1759899924.json"
"485268","36127","2025-11-12","25.00","AUD","1759899924","101429/2025-11-12/1759899924.json"
"485268","36127","2025-11-13","25.00","AUD","1759899924","101429/2025-11-13/1759899924.json"
"485268","36127","2025-11-14","25.00","AUD","1759899924","101429/2025-11-14/1759899924.json"
"485268","36127","2025-11-15","25.00","AUD","1759899924","101429/2025-11-15/1759899924.json"
"485268","36127","2025-11-16","25.00","AUD","1759899924","101429/2025-11-16/1759899924.json"
"485268","36127","2025-11-17","25.00","AUD","1759899924","101429/2025-11-17/1759899924.json"
"485268","36127","2025-11-18","25.00","AUD","1759899924","101429/2025-11-18/1759899924.json"
"485268","36127","2025-11-19","25.00","AUD","1759899924","101429/2025-11-19/1759899924.json"
"485268","36127","2025-11-20","25.00","AUD","1759899924","101429/2025-11-20/1759899924.json"
"485268","36127","2025-11-21","25.00","AUD","1759899924","101429/2025-11-21/1759899924.json"
"485268","36127","2025-11-22","25.00","AUD","1759899924","101429/2025-11-22/1759899924.json"
"485268","36127","2025-11-23","25.00","AUD","1759899924","101429/2025-11-23/1759899924.json"
"485268","36127","2025-11-24","25.00","AUD","1759899924","101429/2025-11-24/1759899924.json"
"485268","36127","2025-11-25","25.00","AUD","1759899924","101429/2025-11-25/1759899924.json"
"485268","36127","2025-11-27","25.00","AUD","1759899924","101429/2025-11-27/1759899924.json"
"485268","36127","2025-11-26","25.00","AUD","1759899924","101429/2025-11-26/1759899924.json"
"485268","36127","2025-11-29","25.00","AUD","1759899924","101429/2025-11-29/1759899924.json"
"485268","36127","2025-11-28","25.00","AUD","1759899924","101429/2025-11-28/1759899924.json"
"485268","36127","2025-11-30","25.00","AUD","1759899924","101429/2025-11-30/1759899924.json"
"485268","36127","2025-10-09","25.00","AUD","1759914767","101429/2025-10-09/1759914767.json"
"485268","36127","2025-10-11","25.00","AUD","1759914767","101429/2025-10-11/1759914767.json"
"485268","36127","2025-10-10","25.00","AUD","1759914767","101429/2025-10-10/1759914767.json"
"485268","36127","2025-10-13","25.00","AUD","1759914767","101429/2025-10-13/1759914767.json"
"485268","36127","2025-10-14","25.00","AUD","1759914767","101429/2025-10-14/1759914767.json"
"485268","36127","2025-10-12","25.00","AUD","1759914767","101429/2025-10-12/1759914767.json"
"485268","36127","2025-10-15","25.00","AUD","1759914767","101429/2025-10-15/1759914767.json"
"485268","36127","2025-10-16","25.00","AUD","1759914767","101429/2025-10-16/1759914767.json"
"485268","36127","2025-10-17","25.00","AUD","1759914767","101429/2025-10-17/1759914767.json"
"485268","36127","2025-10-19","25.00","AUD","1759914767","101429/2025-10-19/1759914767.json"
"485268","36127","2025-10-18","25.00","AUD","1759914767","101429/2025-10-18/1759914767.json"
"485268","36127","2025-10-21","25.00","AUD","1759914767","101429/2025-10-21/1759914767.json"
"485268","36127","2025-10-22","25.00","AUD","1759914767","101429/2025-10-22/1759914767.json"
"485268","36127","2025-10-20","25.00","AUD","1759914767","101429/2025-10-20/1759914767.json"
"485268","36127","2025-10-23","25.00","AUD","1759914767","101429/2025-10-23/1759914767.json"
"485268","36127","2025-10-24","25.00","AUD","1759914767","101429/2025-10-24/1759914767.json"
"485268","36127","2025-10-25","25.00","AUD","1759914767","101429/2025-10-25/1759914767.json"
"485268","36127","2025-10-26","25.00","AUD","1759914767","101429/2025-10-26/1759914767.json"
"485268","36127","2025-10-27","25.00","AUD","1759914767","101429/2025-10-27/1759914767.json"
"485268","36127","2025-10-28","25.00","AUD","1759914767","101429/2025-10-28/1759914767.json"
"485268","36127","2025-10-29","25.00","AUD","1759914767","101429/2025-10-29/1759914767.json"
"485268","36127","2025-10-30","25.00","AUD","1759914767","101429/2025-10-30/1759914767.json"
"485268","36127","2025-10-31","25.00","AUD","1759914767","101429/2025-10-31/1759914767.json"
"485268","36127","2025-11-01","25.00","AUD","1759914767","101429/2025-11-01/1759914767.json"
"485268","36127","2025-11-03","25.00","AUD","1759914767","101429/2025-11-03/1759914767.json"
"485268","36127","2025-11-04","25.00","AUD","1759914767","101429/2025-11-04/1759914767.json"
"485268","36127","2025-11-05","25.00","AUD","1759914767","101429/2025-11-05/1759914767.json"
"485268","36127","2025-11-02","25.00","AUD","1759914767","101429/2025-11-02/1759914767.json"
"485268","36127","2025-11-07","25.00","AUD","1759914767","101429/2025-11-07/1759914767.json"
"485268","36127","2025-11-06","25.00","AUD","1759914767","101429/2025-11-06/1759914767.json"
"485268","36127","2025-11-09","25.00","AUD","1759914767","101429/2025-11-09/1759914767.json"
"485268","36127","2025-11-08","25.00","AUD","1759914767","101429/2025-11-08/1759914767.json"
"485268","36127","2025-11-10","25.00","AUD","1759914767","101429/2025-11-10/1759914767.json"
"485268","36127","2025-11-14","25.00","AUD","1759914767","101429/2025-11-14/1759914767.json"
"485268","36127","2025-11-11","25.00","AUD","1759914767","101429/2025-11-11/1759914767.json"
"485268","36127","2025-11-13","25.00","AUD","1759914767","101429/2025-11-13/1759914767.json"
"485268","36127","2025-11-12","25.00","AUD","1759914767","101429/2025-11-12/1759914767.json"
"485268","36127","2025-11-16","25.00","AUD","1759914767","101429/2025-11-16/1759914767.json"
"485268","36127","2025-11-15","25.00","AUD","1759914767","101429/2025-11-15/1759914767.json"
"485268","36127","2025-11-18","25.00","AUD","1759914767","101429/2025-11-18/1759914767.json"
"485268","36127","2025-11-17","25.00","AUD","1759914767","101429/2025-11-17/1759914767.json"
"485268","36127","2025-11-19","25.00","AUD","1759914767","101429/2025-11-19/1759914767.json"
"485268","36127","2025-11-20","25.00","AUD","1759914767","101429/2025-11-20/1759914767.json"
"485268","36127","2025-11-22","25.00","AUD","1759914767","101429/2025-11-22/1759914767.json"
"485268","36127","2025-11-23","25.00","AUD","1759914767","101429/2025-11-23/1759914767.json"
"485268","36127","2025-11-25","25.00","AUD","1759914767","101429/2025-11-25/1759914767.json"
"485268","36127","2025-11-24","25.00","AUD","1759914767","101429/2025-11-24/1759914767.json"
"485268","36127","2025-11-21","25.00","AUD","1759914767","101429/2025-11-21/1759914767.json"
"485268","36127","2025-11-27","25.00","AUD","1759914767","101429/2025-11-27/1759914767.json"
"485268","36127","2025-11-28","25.00","AUD","1759914767","101429/2025-11-28/1759914767.json"
"485268","36127","2025-11-26","25.00","AUD","1759914767","101429/2025-11-26/1759914767.json"
"485268","36127","2025-11-30","25.00","AUD","1759914767","101429/2025-11-30/1759914767.json"
"485268","36127","2025-11-29","25.00","AUD","1759914767","101429/2025-11-29/1759914767.json"
"485268","36127","2025-10-11","25.00","AUD","1759932234","101429/2025-10-11/1759932234.json"
"485268","36127","2025-10-09","25.00","AUD","1759932234","101429/2025-10-09/1759932234.json"
"485268","36127","2025-10-10","25.00","AUD","1759932234","101429/2025-10-10/1759932234.json"
"485268","36127","2025-10-12","25.00","AUD","1759932234","101429/2025-10-12/1759932234.json"
"485268","36127","2025-10-13","25.00","AUD","1759932234","101429/2025-10-13/1759932234.json"
"485268","36127","2025-10-15","25.00","AUD","1759932234","101429/2025-10-15/1759932234.json"
"485268","36127","2025-10-14","25.00","AUD","1759932234","101429/2025-10-14/1759932234.json"
"485268","36127","2025-10-16","25.00","AUD","1759932234","101429/2025-10-16/1759932234.json"
"485268","36127","2025-10-19","25.00","AUD","1759932234","101429/2025-10-19/1759932234.json"
"485268","36127","2025-10-18","25.00","AUD","1759932234","101429/2025-10-18/1759932234.json"
"485268","36127","2025-10-17","25.00","AUD","1759932234","101429/2025-10-17/1759932234.json"
"485268","36127","2025-10-20","25.00","AUD","1759932234","101429/2025-10-20/1759932234.json"
"485268","36127","2025-10-21","25.00","AUD","1759932234","101429/2025-10-21/1759932234.json"
"485268","36127","2025-10-22","25.00","AUD","1759932234","101429/2025-10-22/1759932234.json"
"485268","36127","2025-10-23","25.00","AUD","1759932234","101429/2025-10-23/1759932234.json"
"485268","36127","2025-10-24","25.00","AUD","1759932234","101429/2025-10-24/1759932234.json"
"485268","36127","2025-10-25","25.00","AUD","1759932234","101429/2025-10-25/1759932234.json"
"485268","36127","2025-10-27","25.00","AUD","1759932234","101429/2025-10-27/1759932234.json"
"485268","36127","2025-10-26","25.00","AUD","1759932234","101429/2025-10-26/1759932234.json"
"485268","36127","2025-10-28","25.00","AUD","1759932234","101429/2025-10-28/1759932234.json"
"485268","36127","2025-10-29","25.00","AUD","1759932234","101429/2025-10-29/1759932234.json"
"485268","36127","2025-10-30","25.00","AUD","1759932234","101429/2025-10-30/1759932234.json"
"485268","36127","2025-10-31","25.00","AUD","1759932234","101429/2025-10-31/1759932234.json"
"485268","36127","2025-11-01","25.00","AUD","1759932234","101429/2025-11-01/1759932234.json"
"485268","36127","2025-11-02","25.00","AUD","1759932234","101429/2025-11-02/1759932234.json"
"485268","36127","2025-11-03","25.00","AUD","1759932234","101429/2025-11-03/1759932234.json"
"485268","36127","2025-11-04","25.00","AUD","1759932234","101429/2025-11-04/1759932234.json"
"485268","36127","2025-11-05","25.00","AUD","1759932234","101429/2025-11-05/1759932234.json"
"485268","36127","2025-11-06","25.00","AUD","1759932234","101429/2025-11-06/1759932234.json"
"485268","36127","2025-11-08","25.00","AUD","1759932234","101429/2025-11-08/1759932234.json"
"485268","36127","2025-11-07","25.00","AUD","1759932234","101429/2025-11-07/1759932234.json"
"485268","36127","2025-11-09","25.00","AUD","1759932234","101429/2025-11-09/1759932234.json"
"485268","36127","2025-11-10","25.00","AUD","1759932234","101429/2025-11-10/1759932234.json"
"485268","36127","2025-11-11","25.00","AUD","1759932234","101429/2025-11-11/1759932234.json"
"485268","36127","2025-11-12","25.00","AUD","1759932234","101429/2025-11-12/1759932234.json"
"485268","36127","2025-11-13","25.00","AUD","1759932234","101429/2025-11-13/1759932234.json"
"485268","36127","2025-11-14","25.00","AUD","1759932234","101429/2025-11-14/1759932234.json"
"485268","36127","2025-11-16","25.00","AUD","1759932234","101429/2025-11-16/1759932234.json"
"485268","36127","2025-11-15","25.00","AUD","1759932234","101429/2025-11-15/1759932234.json"
"485268","36127","2025-11-17","25.00","AUD","1759932234","101429/2025-11-17/1759932234.json"
"485268","36127","2025-11-18","25.00","AUD","1759932234","101429/2025-11-18/1759932234.json"
"485268","36127","2025-11-19","25.00","AUD","1759932234","101429/2025-11-19/1759932234.json"
"485268","36127","2025-11-20","25.00","AUD","1759932234","101429/2025-11-20/1759932234.json"
"485268","36127","2025-11-21","25.00","AUD","1759932234","101429/2025-11-21/1759932234.json"
"485268","36127","2025-11-23","25.00","AUD","1759932234","101429/2025-11-23/1759932234.json"
"485268","36127","2025-11-24","25.00","AUD","1759932234","101429/2025-11-24/1759932234.json"
"485268","36127","2025-11-22","25.00","AUD","1759932234","101429/2025-11-22/1759932234.json"
"485268","36127","2025-11-26","25.00","AUD","1759932234","101429/2025-11-26/1759932234.json"
"485268","36127","2025-11-27","25.00","AUD","1759932234","101429/2025-11-27/1759932234.json"
"485268","36127","2025-11-28","25.00","AUD","1759932234","101429/2025-11-28/1759932234.json"
"485268","36127","2025-11-25","25.00","AUD","1759932234","101429/2025-11-25/1759932234.json"
"485268","36127","2025-11-29","25.00","AUD","1759932234","101429/2025-11-29/1759932234.json"
"485268","36127","2025-11-30","25.00","AUD","1759932234","101429/2025-11-30/1759932234.json"
"485268","36127","2025-10-11","25.00","AUD","1759943355","101429/2025-10-11/1759943355.json"
"485268","36127","2025-10-09","25.00","AUD","1759943355","101429/2025-10-09/1759943355.json"
"485268","36127","2025-10-10","25.00","AUD","1759943355","101429/2025-10-10/1759943355.json"
"485268","36127","2025-10-12","25.00","AUD","1759943355","101429/2025-10-12/1759943355.json"
"485268","36127","2025-10-14","25.00","AUD","1759943355","101429/2025-10-14/1759943355.json"
"485268","36127","2025-10-15","25.00","AUD","1759943355","101429/2025-10-15/1759943355.json"
"485268","36127","2025-10-16","25.00","AUD","1759943355","101429/2025-10-16/1759943355.json"
"485268","36127","2025-10-13","25.00","AUD","1759943355","101429/2025-10-13/1759943355.json"
"485268","36127","2025-10-18","25.00","AUD","1759943355","101429/2025-10-18/1759943355.json"
"485268","36127","2025-10-17","25.00","AUD","1759943355","101429/2025-10-17/1759943355.json"
"485268","36127","2025-10-19","25.00","AUD","1759943355","101429/2025-10-19/1759943355.json"
"485268","36127","2025-10-20","25.00","AUD","1759943355","101429/2025-10-20/1759943355.json"
"485268","36127","2025-10-21","25.00","AUD","1759943355","101429/2025-10-21/1759943355.json"
"485268","36127","2025-10-23","25.00","AUD","1759943355","101429/2025-10-23/1759943355.json"
"485268","36127","2025-10-22","25.00","AUD","1759943355","101429/2025-10-22/1759943355.json"
"485268","36127","2025-10-24","25.00","AUD","1759943355","101429/2025-10-24/1759943355.json"
"485268","36127","2025-10-26","25.00","AUD","1759943355","101429/2025-10-26/1759943355.json"
"485268","36127","2025-10-27","25.00","AUD","1759943355","101429/2025-10-27/1759943355.json"
"485268","36127","2025-10-25","25.00","AUD","1759943355","101429/2025-10-25/1759943355.json"
"485268","36127","2025-10-28","25.00","AUD","1759943355","101429/2025-10-28/1759943355.json"
"485268","36127","2025-10-30","25.00","AUD","1759943355","101429/2025-10-30/1759943355.json"
"485268","36127","2025-10-29","25.00","AUD","1759943355","101429/2025-10-29/1759943355.json"
"485268","36127","2025-10-31","25.00","AUD","1759943355","101429/2025-10-31/1759943355.json"
"485268","36127","2025-11-01","25.00","AUD","1759943355","101429/2025-11-01/1759943355.json"
"485268","36127","2025-11-03","25.00","AUD","1759943355","101429/2025-11-03/1759943355.json"
"485268","36127","2025-11-02","25.00","AUD","1759943355","101429/2025-11-02/1759943355.json"
"485268","36127","2025-11-04","25.00","AUD","1759943355","101429/2025-11-04/1759943355.json"
"485268","36127","2025-11-05","25.00","AUD","1759943355","101429/2025-11-05/1759943355.json"
"485268","36127","2025-11-07","25.00","AUD","1759943355","101429/2025-11-07/1759943355.json"
"485268","36127","2025-11-06","25.00","AUD","1759943355","101429/2025-11-06/1759943355.json"
"485268","36127","2025-11-08","25.00","AUD","1759943355","101429/2025-11-08/1759943355.json"
"485268","36127","2025-11-09","25.00","AUD","1759943355","101429/2025-11-09/1759943355.json"
"485268","36127","2025-11-10","25.00","AUD","1759943355","101429/2025-11-10/1759943355.json"
"485268","36127","2025-11-12","25.00","AUD","1759943355","101429/2025-11-12/1759943355.json"
"485268","36127","2025-11-13","25.00","AUD","1759943355","101429/2025-11-13/1759943355.json"
"485268","36127","2025-11-11","25.00","AUD","1759943355","101429/2025-11-11/1759943355.json"
"485268","36127","2025-11-14","25.00","AUD","1759943355","101429/2025-11-14/1759943355.json"
"485268","36127","2025-11-15","25.00","AUD","1759943355","101429/2025-11-15/1759943355.json"
"485268","36127","2025-11-16","25.00","AUD","1759943355","101429/2025-11-16/1759943355.json"
"485268","36127","2025-11-18","25.00","AUD","1759943355","101429/2025-11-18/1759943355.json"
"485268","36127","2025-11-17","25.00","AUD","1759943355","101429/2025-11-17/1759943355.json"
"485268","36127","2025-11-19","25.00","AUD","1759943355","101429/2025-11-19/1759943355.json"
"485268","36127","2025-11-20","25.00","AUD","1759943355","101429/2025-11-20/1759943355.json"
"485268","36127","2025-11-21","25.00","AUD","1759943355","101429/2025-11-21/1759943355.json"
"485268","36127","2025-11-22","25.00","AUD","1759943355","101429/2025-11-22/1759943355.json"
"485268","36127","2025-11-24","25.00","AUD","1759943355","101429/2025-11-24/1759943355.json"
"485268","36127","2025-11-23","25.00","AUD","1759943355","101429/2025-11-23/1759943355.json"
"485268","36127","2025-11-25","25.00","AUD","1759943355","101429/2025-11-25/1759943355.json"
"485268","36127","2025-11-26","25.00","AUD","1759943355","101429/2025-11-26/1759943355.json"
"485268","36127","2025-11-27","25.00","AUD","1759943355","101429/2025-11-27/1759943355.json"
"485268","36127","2025-11-29","25.00","AUD","1759943355","101429/2025-11-29/1759943355.json"
"485268","36127","2025-11-30","25.00","AUD","1759943355","101429/2025-11-30/1759943355.json"
"485268","36127","2025-11-28","25.00","AUD","1759943355","101429/2025-11-28/1759943355.json"
"485268","36127","2025-10-11","25.00","AUD","1759957041","101429/2025-10-11/1759957041.json"
"485268","36127","2025-10-09","25.00","AUD","1759957041","101429/2025-10-09/1759957041.json"
"485268","36127","2025-10-10","25.00","AUD","1759957041","101429/2025-10-10/1759957041.json"
"485268","36127","2025-10-12","25.00","AUD","1759957041","101429/2025-10-12/1759957041.json"
"485268","36127","2025-10-13","25.00","AUD","1759957041","101429/2025-10-13/1759957041.json"
"485268","36127","2025-10-14","25.00","AUD","1759957041","101429/2025-10-14/1759957041.json"
"485268","36127","2025-10-15","25.00","AUD","1759957041","101429/2025-10-15/1759957041.json"
"485268","36127","2025-10-16","25.00","AUD","1759957041","101429/2025-10-16/1759957041.json"
"485268","36127","2025-10-17","25.00","AUD","1759957041","101429/2025-10-17/1759957041.json"
"485268","36127","2025-10-18","25.00","AUD","1759957041","101429/2025-10-18/1759957041.json"
"485268","36127","2025-10-19","25.00","AUD","1759957041","101429/2025-10-19/1759957041.json"
"485268","36127","2025-10-20","25.00","AUD","1759957041","101429/2025-10-20/1759957041.json"
"485268","36127","2025-10-21","25.00","AUD","1759957041","101429/2025-10-21/1759957041.json"
"485268","36127","2025-10-22","25.00","AUD","1759957041","101429/2025-10-22/1759957041.json"
"485268","36127","2025-10-23","25.00","AUD","1759957041","101429/2025-10-23/1759957041.json"
"485268","36127","2025-10-24","25.00","AUD","1759957041","101429/2025-10-24/1759957041.json"
"485268","36127","2025-10-25","25.00","AUD","1759957041","101429/2025-10-25/1759957041.json"
"485268","36127","2025-10-26","25.00","AUD","1759957041","101429/2025-10-26/1759957041.json"
"485268","36127","2025-10-27","25.00","AUD","1759957041","101429/2025-10-27/1759957041.json"
"485268","36127","2025-10-28","25.00","AUD","1759957041","101429/2025-10-28/1759957041.json"
"485268","36127","2025-10-29","25.00","AUD","1759957041","101429/2025-10-29/1759957041.json"
"485268","36127","2025-10-31","25.00","AUD","1759957041","101429/2025-10-31/1759957041.json"
"485268","36127","2025-10-30","25.00","AUD","1759957041","101429/2025-10-30/1759957041.json"
"485268","36127","2025-11-01","25.00","AUD","1759957041","101429/2025-11-01/1759957041.json"
"485268","36127","2025-11-02","25.00","AUD","1759957041","101429/2025-11-02/1759957041.json"
"485268","36127","2025-11-03","25.00","AUD","1759957041","101429/2025-11-03/1759957041.json"
"485268","36127","2025-11-04","25.00","AUD","1759957041","101429/2025-11-04/1759957041.json"
"485268","36127","2025-11-05","25.00","AUD","1759957041","101429/2025-11-05/1759957041.json"
"485268","36127","2025-11-08","25.00","AUD","1759957041","101429/2025-11-08/1759957041.json"
"485268","36127","2025-11-09","25.00","AUD","1759957041","101429/2025-11-09/1759957041.json"
"485268","36127","2025-11-07","25.00","AUD","1759957041","101429/2025-11-07/1759957041.json"
"485268","36127","2025-11-06","25.00","AUD","1759957041","101429/2025-11-06/1759957041.json"
"485268","36127","2025-11-11","25.00","AUD","1759957041","101429/2025-11-11/1759957041.json"
"485268","36127","2025-11-10","25.00","AUD","1759957041","101429/2025-11-10/1759957041.json"
"485268","36127","2025-11-12","25.00","AUD","1759957041","101429/2025-11-12/1759957041.json"
"485268","36127","2025-11-13","25.00","AUD","1759957041","101429/2025-11-13/1759957041.json"
"485268","36127","2025-11-14","25.00","AUD","1759957041","101429/2025-11-14/1759957041.json"
"485268","36127","2025-11-15","25.00","AUD","1759957041","101429/2025-11-15/1759957041.json"
"485268","36127","2025-11-16","25.00","AUD","1759957041","101429/2025-11-16/1759957041.json"
"485268","36127","2025-11-17","25.00","AUD","1759957041","101429/2025-11-17/1759957041.json"
"485268","36127","2025-11-18","25.00","AUD","1759957041","101429/2025-11-18/1759957041.json"
"485268","36127","2025-11-20","25.00","AUD","1759957041","101429/2025-11-20/1759957041.json"
"485268","36127","2025-11-19","25.00","AUD","1759957041","101429/2025-11-19/1759957041.json"
"485268","36127","2025-11-21","25.00","AUD","1759957041","101429/2025-11-21/1759957041.json"
"485268","36127","2025-11-22","25.00","AUD","1759957041","101429/2025-11-22/1759957041.json"
"485268","36127","2025-11-23","25.00","AUD","1759957041","101429/2025-11-23/1759957041.json"
"485268","36127","2025-11-24","25.00","AUD","1759957041","101429/2025-11-24/1759957041.json"
"485268","36127","2025-11-25","25.00","AUD","1759957041","101429/2025-11-25/1759957041.json"
"485268","36127","2025-11-26","25.00","AUD","1759957041","101429/2025-11-26/1759957041.json"
"485268","36127","2025-11-27","25.00","AUD","1759957041","101429/2025-11-27/1759957041.json"
"485268","36127","2025-11-28","25.00","AUD","1759957041","101429/2025-11-28/1759957041.json"
"485268","36127","2025-11-29","25.00","AUD","1759957041","101429/2025-11-29/1759957041.json"
"485268","36127","2025-11-30","25.00","AUD","1759957041","101429/2025-11-30/1759957041.json"
"485268","36127","2025-10-10","25.00","AUD","1759980638","101429/2025-10-10/1759980638.json"
"485268","36127","2025-10-09","25.00","AUD","1759980638","101429/2025-10-09/1759980638.json"
"485268","36127","2025-10-12","25.00","AUD","1759980638","101429/2025-10-12/1759980638.json"
"485268","36127","2025-10-13","25.00","AUD","1759980638","101429/2025-10-13/1759980638.json"
"485268","36127","2025-10-14","25.00","AUD","1759980638","101429/2025-10-14/1759980638.json"
"485268","36127","2025-10-16","25.00","AUD","1759980638","101429/2025-10-16/1759980638.json"
"485268","36127","2025-10-15","25.00","AUD","1759980638","101429/2025-10-15/1759980638.json"
"485268","36127","2025-10-18","25.00","AUD","1759980638","101429/2025-10-18/1759980638.json"
"485268","36127","2025-10-17","25.00","AUD","1759980638","101429/2025-10-17/1759980638.json"
"485268","36127","2025-10-19","25.00","AUD","1759980638","101429/2025-10-19/1759980638.json"
"485268","36127","2025-10-20","25.00","AUD","1759980638","101429/2025-10-20/1759980638.json"
"485268","36127","2025-10-22","25.00","AUD","1759980638","101429/2025-10-22/1759980638.json"
"485268","36127","2025-10-21","25.00","AUD","1759980638","101429/2025-10-21/1759980638.json"
"485268","36127","2025-10-24","25.00","AUD","1759980638","101429/2025-10-24/1759980638.json"
"485268","36127","2025-10-23","25.00","AUD","1759980638","101429/2025-10-23/1759980638.json"
"485268","36127","2025-10-25","25.00","AUD","1759980638","101429/2025-10-25/1759980638.json"
"485268","36127","2025-10-27","25.00","AUD","1759980638","101429/2025-10-27/1759980638.json"
"485268","36127","2025-10-28","25.00","AUD","1759980638","101429/2025-10-28/1759980638.json"
"485268","36127","2025-10-26","25.00","AUD","1759980638","101429/2025-10-26/1759980638.json"
"485268","36127","2025-10-29","25.00","AUD","1759980638","101429/2025-10-29/1759980638.json"
"485268","36127","2025-10-30","25.00","AUD","1759980638","101429/2025-10-30/1759980638.json"
"485268","36127","2025-10-31","25.00","AUD","1759980638","101429/2025-10-31/1759980638.json"
"485268","36127","2025-11-01","25.00","AUD","1759980638","101429/2025-11-01/1759980638.json"
"485268","36127","2025-11-02","25.00","AUD","1759980638","101429/2025-11-02/1759980638.json"
"485268","36127","2025-11-03","25.00","AUD","1759980638","101429/2025-11-03/1759980638.json"
"485268","36127","2025-11-05","25.00","AUD","1759980638","101429/2025-11-05/1759980638.json"
"485268","36127","2025-11-07","25.00","AUD","1759980638","101429/2025-11-07/1759980638.json"
"485268","36127","2025-11-06","25.00","AUD","1759980638","101429/2025-11-06/1759980638.json"
"485268","36127","2025-11-04","25.00","AUD","1759980638","101429/2025-11-04/1759980638.json"
"485268","36127","2025-11-08","25.00","AUD","1759980638","101429/2025-11-08/1759980638.json"
"485268","36127","2025-11-10","25.00","AUD","1759980638","101429/2025-11-10/1759980638.json"
"485268","36127","2025-11-11","25.00","AUD","1759980638","101429/2025-11-11/1759980638.json"
"485268","36127","2025-11-09","25.00","AUD","1759980638","101429/2025-11-09/1759980638.json"
"485268","36127","2025-11-12","25.00","AUD","1759980638","101429/2025-11-12/1759980638.json"
"485268","36127","2025-11-13","25.00","AUD","1759980638","101429/2025-11-13/1759980638.json"
"485268","36127","2025-11-15","25.00","AUD","1759980638","101429/2025-11-15/1759980638.json"
"485268","36127","2025-11-14","25.00","AUD","1759980638","101429/2025-11-14/1759980638.json"
"485268","36127","2025-11-16","25.00","AUD","1759980638","101429/2025-11-16/1759980638.json"
"485268","36127","2025-11-17","25.00","AUD","1759980638","101429/2025-11-17/1759980638.json"
"485268","36127","2025-11-20","25.00","AUD","1759980638","101429/2025-11-20/1759980638.json"
"485268","36127","2025-11-19","25.00","AUD","1759980638","101429/2025-11-19/1759980638.json"
"485268","36127","2025-11-18","25.00","AUD","1759980638","101429/2025-11-18/1759980638.json"
"485268","36127","2025-11-21","25.00","AUD","1759980638","101429/2025-11-21/1759980638.json"
"485268","36127","2025-11-22","25.00","AUD","1759980638","101429/2025-11-22/1759980638.json"
"485268","36127","2025-11-24","25.00","AUD","1759980638","101429/2025-11-24/1759980638.json"
"485268","36127","2025-11-23","25.00","AUD","1759980638","101429/2025-11-23/1759980638.json"
"485268","36127","2025-11-25","25.00","AUD","1759980638","101429/2025-11-25/1759980638.json"
"485268","36127","2025-11-26","25.00","AUD","1759980638","101429/2025-11-26/1759980638.json"
"485268","36127","2025-11-27","25.00","AUD","1759980638","101429/2025-11-27/1759980638.json"
"485268","36127","2025-11-28","25.00","AUD","1759980638","101429/2025-11-28/1759980638.json"
"485268","36127","2025-11-29","25.00","AUD","1759980638","101429/2025-11-29/1759980638.json"
"485268","36127","2025-11-30","25.00","AUD","1759980638","101429/2025-11-30/1759980638.json"
"485268","36127","2025-10-09","25.00","AUD","1759986264","101429/2025-10-09/1759986264.json"
"485268","36127","2025-10-10","25.00","AUD","1759986264","101429/2025-10-10/1759986264.json"
"485268","36127","2025-10-12","25.00","AUD","1759986264","101429/2025-10-12/1759986264.json"
"485268","36127","2025-10-14","25.00","AUD","1759986264","101429/2025-10-14/1759986264.json"
"485268","36127","2025-10-13","25.00","AUD","1759986264","101429/2025-10-13/1759986264.json"
"485268","36127","2025-10-15","25.00","AUD","1759986264","101429/2025-10-15/1759986264.json"
"485268","36127","2025-10-16","25.00","AUD","1759986264","101429/2025-10-16/1759986264.json"
"485268","36127","2025-10-17","25.00","AUD","1759986264","101429/2025-10-17/1759986264.json"
"485268","36127","2025-10-19","25.00","AUD","1759986264","101429/2025-10-19/1759986264.json"
"485268","36127","2025-10-18","25.00","AUD","1759986264","101429/2025-10-18/1759986264.json"
"485268","36127","2025-10-22","25.00","AUD","1759986264","101429/2025-10-22/1759986264.json"
"485268","36127","2025-10-21","25.00","AUD","1759986264","101429/2025-10-21/1759986264.json"
"485268","36127","2025-10-20","25.00","AUD","1759986264","101429/2025-10-20/1759986264.json"
"485268","36127","2025-10-24","25.00","AUD","1759986264","101429/2025-10-24/1759986264.json"
"485268","36127","2025-10-25","25.00","AUD","1759986264","101429/2025-10-25/1759986264.json"
"485268","36127","2025-10-26","25.00","AUD","1759986264","101429/2025-10-26/1759986264.json"
"485268","36127","2025-10-23","25.00","AUD","1759986264","101429/2025-10-23/1759986264.json"
"485268","36127","2025-10-27","25.00","AUD","1759986264","101429/2025-10-27/1759986264.json"
"485268","36127","2025-10-29","25.00","AUD","1759986264","101429/2025-10-29/1759986264.json"
"485268","36127","2025-10-28","25.00","AUD","1759986264","101429/2025-10-28/1759986264.json"
"485268","36127","2025-10-30","25.00","AUD","1759986264","101429/2025-10-30/1759986264.json"
"485268","36127","2025-10-31","25.00","AUD","1759986264","101429/2025-10-31/1759986264.json"
"485268","36127","2025-11-01","25.00","AUD","1759986264","101429/2025-11-01/1759986264.json"
"485268","36127","2025-11-03","25.00","AUD","1759986264","101429/2025-11-03/1759986264.json"
"485268","36127","2025-11-02","25.00","AUD","1759986264","101429/2025-11-02/1759986264.json"
"485268","36127","2025-11-04","25.00","AUD","1759986264","101429/2025-11-04/1759986264.json"
"485268","36127","2025-11-05","25.00","AUD","1759986264","101429/2025-11-05/1759986264.json"
"485268","36127","2025-11-06","25.00","AUD","1759986264","101429/2025-11-06/1759986264.json"
"485268","36127","2025-11-07","25.00","AUD","1759986264","101429/2025-11-07/1759986264.json"
"485268","36127","2025-11-08","25.00","AUD","1759986264","101429/2025-11-08/1759986264.json"
"485268","36127","2025-11-11","25.00","AUD","1759986264","101429/2025-11-11/1759986264.json"
"485268","36127","2025-11-10","25.00","AUD","1759986264","101429/2025-11-10/1759986264.json"
"485268","36127","2025-11-12","25.00","AUD","1759986264","101429/2025-11-12/1759986264.json"
"485268","36127","2025-11-13","25.00","AUD","1759986264","101429/2025-11-13/1759986264.json"
"485268","36127","2025-11-14","25.00","AUD","1759986264","101429/2025-11-14/1759986264.json"
"485268","36127","2025-11-15","25.00","AUD","1759986264","101429/2025-11-15/1759986264.json"
"485268","36127","2025-11-16","25.00","AUD","1759986264","101429/2025-11-16/1759986264.json"
"485268","36127","2025-11-17","25.00","AUD","1759986264","101429/2025-11-17/1759986264.json"
"485268","36127","2025-11-18","25.00","AUD","1759986264","101429/2025-11-18/1759986264.json"
"485268","36127","2025-11-19","25.00","AUD","1759986264","101429/2025-11-19/1759986264.json"
"485268","36127","2025-11-20","25.00","AUD","1759986264","101429/2025-11-20/1759986264.json"
"485268","36127","2025-11-21","25.00","AUD","1759986264","101429/2025-11-21/1759986264.json"
"485268","36127","2025-11-22","25.00","AUD","1759986264","101429/2025-11-22/1759986264.json"
"485268","36127","2025-11-09","25.00","AUD","1759986264","101429/2025-11-09/1759986264.json"
"485268","36127","2025-11-23","25.00","AUD","1759986264","101429/2025-11-23/1759986264.json"
"485268","36127","2025-11-25","25.00","AUD","1759986264","101429/2025-11-25/1759986264.json"
"485268","36127","2025-11-24","25.00","AUD","1759986264","101429/2025-11-24/1759986264.json"
"485268","36127","2025-11-27","25.00","AUD","1759986264","101429/2025-11-27/1759986264.json"
"485268","36127","2025-11-26","25.00","AUD","1759986264","101429/2025-11-26/1759986264.json"
"485268","36127","2025-11-28","25.00","AUD","1759986264","101429/2025-11-28/1759986264.json"
"485268","36127","2025-11-29","25.00","AUD","1759986264","101429/2025-11-29/1759986264.json"
"485268","36127","2025-11-30","25.00","AUD","1759986264","101429/2025-11-30/1759986264.json"
"485268","36127","2025-10-10","25.00","AUD","1760000979","101429/2025-10-10/1760000979.json"
"485268","36127","2025-10-12","25.00","AUD","1760000979","101429/2025-10-12/1760000979.json"
"485268","36127","2025-10-14","25.00","AUD","1760000979","101429/2025-10-14/1760000979.json"
"485268","36127","2025-10-13","25.00","AUD","1760000979","101429/2025-10-13/1760000979.json"
"485268","36127","2025-10-16","25.00","AUD","1760000979","101429/2025-10-16/1760000979.json"
"485268","36127","2025-10-15","25.00","AUD","1760000979","101429/2025-10-15/1760000979.json"
"485268","36127","2025-10-18","25.00","AUD","1760000979","101429/2025-10-18/1760000979.json"
"485268","36127","2025-10-17","25.00","AUD","1760000979","101429/2025-10-17/1760000979.json"
"485268","36127","2025-10-20","25.00","AUD","1760000979","101429/2025-10-20/1760000979.json"
"485268","36127","2025-10-19","25.00","AUD","1760000979","101429/2025-10-19/1760000979.json"
"485268","36127","2025-10-21","25.00","AUD","1760000979","101429/2025-10-21/1760000979.json"
"485268","36127","2025-10-24","25.00","AUD","1760000979","101429/2025-10-24/1760000979.json"
"485268","36127","2025-10-22","25.00","AUD","1760000979","101429/2025-10-22/1760000979.json"
"485268","36127","2025-10-23","25.00","AUD","1760000979","101429/2025-10-23/1760000979.json"
"485268","36127","2025-10-26","25.00","AUD","1760000979","101429/2025-10-26/1760000979.json"
"485268","36127","2025-10-25","25.00","AUD","1760000979","101429/2025-10-25/1760000979.json"
"485268","36127","2025-10-29","25.00","AUD","1760000979","101429/2025-10-29/1760000979.json"
"485268","36127","2025-10-27","25.00","AUD","1760000979","101429/2025-10-27/1760000979.json"
"485268","36127","2025-10-30","25.00","AUD","1760000979","101429/2025-10-30/1760000979.json"
"485268","36127","2025-10-28","25.00","AUD","1760000979","101429/2025-10-28/1760000979.json"
"485268","36127","2025-11-01","25.00","AUD","1760000979","101429/2025-11-01/1760000979.json"
"485268","36127","2025-11-02","25.00","AUD","1760000979","101429/2025-11-02/1760000979.json"
"485268","36127","2025-11-03","25.00","AUD","1760000979","101429/2025-11-03/1760000979.json"
"485268","36127","2025-10-31","25.00","AUD","1760000979","101429/2025-10-31/1760000979.json"
"485268","36127","2025-11-04","25.00","AUD","1760000979","101429/2025-11-04/1760000979.json"
"485268","36127","2025-11-05","25.00","AUD","1760000979","101429/2025-11-05/1760000979.json"
"485268","36127","2025-11-06","25.00","AUD","1760000979","101429/2025-11-06/1760000979.json"
"485268","36127","2025-11-11","25.00","AUD","1760000979","101429/2025-11-11/1760000979.json"
"485268","36127","2025-11-12","25.00","AUD","1760000979","101429/2025-11-12/1760000979.json"
"485268","36127","2025-11-13","25.00","AUD","1760000979","101429/2025-11-13/1760000979.json"
"485268","36127","2025-11-16","25.00","AUD","1760000979","101429/2025-11-16/1760000979.json"
"485268","36127","2025-11-14","25.00","AUD","1760000979","101429/2025-11-14/1760000979.json"
"485268","36127","2025-11-15","25.00","AUD","1760000979","101429/2025-11-15/1760000979.json"
"485268","36127","2025-11-17","25.00","AUD","1760000979","101429/2025-11-17/1760000979.json"
"485268","36127","2025-11-19","25.00","AUD","1760000979","101429/2025-11-19/1760000979.json"
"485268","36127","2025-11-20","25.00","AUD","1760000979","101429/2025-11-20/1760000979.json"
"485268","36127","2025-11-21","25.00","AUD","1760000979","101429/2025-11-21/1760000979.json"
"485268","36127","2025-11-18","25.00","AUD","1760000979","101429/2025-11-18/1760000979.json"
"485268","36127","2025-11-22","25.00","AUD","1760000979","101429/2025-11-22/1760000979.json"
"485268","36127","2025-11-24","25.00","AUD","1760000979","101429/2025-11-24/1760000979.json"
"485268","36127","2025-11-25","25.00","AUD","1760000979","101429/2025-11-25/1760000979.json"
"485268","36127","2025-11-23","25.00","AUD","1760000979","101429/2025-11-23/1760000979.json"
"485268","36127","2025-11-26","25.00","AUD","1760000979","101429/2025-11-26/1760000979.json"
"485268","36127","2025-11-27","25.00","AUD","1760000979","101429/2025-11-27/1760000979.json"
"485268","36127","2025-11-28","25.00","AUD","1760000979","101429/2025-11-28/1760000979.json"
"485268","36127","2025-11-29","25.00","AUD","1760000979","101429/2025-11-29/1760000979.json"
"485268","36127","2025-11-30","25.00","AUD","1760000979","101429/2025-11-30/1760000979.json"
"485268","36127","2025-10-12","25.00","AUD","1760018472","101429/2025-10-12/1760018472.json"
"485268","36127","2025-10-10","25.00","AUD","1760018472","101429/2025-10-10/1760018472.json"
"485268","36127","2025-10-13","25.00","AUD","1760018472","101429/2025-10-13/1760018472.json"
"485268","36127","2025-10-15","25.00","AUD","1760018472","101429/2025-10-15/1760018472.json"
"485268","36127","2025-10-14","25.00","AUD","1760018472","101429/2025-10-14/1760018472.json"
"485268","36127","2025-10-16","25.00","AUD","1760018472","101429/2025-10-16/1760018472.json"
"485268","36127","2025-10-17","25.00","AUD","1760018472","101429/2025-10-17/1760018472.json"
"485268","36127","2025-10-19","25.00","AUD","1760018472","101429/2025-10-19/1760018472.json"
"485268","36127","2025-10-20","25.00","AUD","1760018472","101429/2025-10-20/1760018472.json"
"485268","36127","2025-10-18","25.00","AUD","1760018472","101429/2025-10-18/1760018472.json"
"485268","36127","2025-10-21","25.00","AUD","1760018472","101429/2025-10-21/1760018472.json"
"485268","36127","2025-10-23","25.00","AUD","1760018472","101429/2025-10-23/1760018472.json"
"485268","36127","2025-10-22","25.00","AUD","1760018472","101429/2025-10-22/1760018472.json"
"485268","36127","2025-10-24","25.00","AUD","1760018472","101429/2025-10-24/1760018472.json"
"485268","36127","2025-10-25","25.00","AUD","1760018472","101429/2025-10-25/1760018472.json"
"485268","36127","2025-10-26","25.00","AUD","1760018472","101429/2025-10-26/1760018472.json"
"485268","36127","2025-10-27","25.00","AUD","1760018472","101429/2025-10-27/1760018472.json"
"485268","36127","2025-10-29","25.00","AUD","1760018472","101429/2025-10-29/1760018472.json"
"485268","36127","2025-10-28","25.00","AUD","1760018472","101429/2025-10-28/1760018472.json"
"485268","36127","2025-10-30","25.00","AUD","1760018472","101429/2025-10-30/1760018472.json"
"485268","36127","2025-10-31","25.00","AUD","1760018472","101429/2025-10-31/1760018472.json"
"485268","36127","2025-11-01","25.00","AUD","1760018472","101429/2025-11-01/1760018472.json"
"485268","36127","2025-11-03","25.00","AUD","1760018472","101429/2025-11-03/1760018472.json"
"485268","36127","2025-11-02","25.00","AUD","1760018472","101429/2025-11-02/1760018472.json"
"485268","36127","2025-11-06","25.00","AUD","1760018472","101429/2025-11-06/1760018472.json"
"485268","36127","2025-11-04","25.00","AUD","1760018472","101429/2025-11-04/1760018472.json"
"485268","36127","2025-11-05","25.00","AUD","1760018472","101429/2025-11-05/1760018472.json"
"485268","36127","2025-11-11","25.00","AUD","1760018472","101429/2025-11-11/1760018472.json"
"485268","36127","2025-11-13","25.00","AUD","1760018472","101429/2025-11-13/1760018472.json"
"485268","36127","2025-11-14","25.00","AUD","1760018472","101429/2025-11-14/1760018472.json"
"485268","36127","2025-11-12","25.00","AUD","1760018472","101429/2025-11-12/1760018472.json"
"485268","36127","2025-11-16","25.00","AUD","1760018472","101429/2025-11-16/1760018472.json"
"485268","36127","2025-11-17","25.00","AUD","1760018472","101429/2025-11-17/1760018472.json"
"485268","36127","2025-11-15","25.00","AUD","1760018472","101429/2025-11-15/1760018472.json"
"485268","36127","2025-11-19","25.00","AUD","1760018472","101429/2025-11-19/1760018472.json"
"485268","36127","2025-11-18","25.00","AUD","1760018472","101429/2025-11-18/1760018472.json"
"485268","36127","2025-11-21","25.00","AUD","1760018472","101429/2025-11-21/1760018472.json"
"485268","36127","2025-11-20","25.00","AUD","1760018472","101429/2025-11-20/1760018472.json"
"485268","36127","2025-11-22","25.00","AUD","1760018472","101429/2025-11-22/1760018472.json"
"485268","36127","2025-11-23","25.00","AUD","1760018472","101429/2025-11-23/1760018472.json"
"485268","36127","2025-11-24","25.00","AUD","1760018472","101429/2025-11-24/1760018472.json"
"485268","36127","2025-11-25","25.00","AUD","1760018472","101429/2025-11-25/1760018472.json"
"485268","36127","2025-11-26","25.00","AUD","1760018472","101429/2025-11-26/1760018472.json"
"485268","36127","2025-11-27","25.00","AUD","1760018472","101429/2025-11-27/1760018472.json"
"485268","36127","2025-11-28","25.00","AUD","1760018472","101429/2025-11-28/1760018472.json"
"485268","36127","2025-11-30","25.00","AUD","1760018472","101429/2025-11-30/1760018472.json"
"485268","36127","2025-11-29","25.00","AUD","1760018472","101429/2025-11-29/1760018472.json"
"485268","36127","2025-10-10","25.00","AUD","1760030176","101429/2025-10-10/1760030176.json"
"485268","36127","2025-10-12","25.00","AUD","1760030176","101429/2025-10-12/1760030176.json"
"485268","36127","2025-10-14","25.00","AUD","1760030176","101429/2025-10-14/1760030176.json"
"485268","36127","2025-10-13","25.00","AUD","1760030176","101429/2025-10-13/1760030176.json"
"485268","36127","2025-10-15","25.00","AUD","1760030176","101429/2025-10-15/1760030176.json"
"485268","36127","2025-10-16","25.00","AUD","1760030176","101429/2025-10-16/1760030176.json"
"485268","36127","2025-10-17","25.00","AUD","1760030176","101429/2025-10-17/1760030176.json"
"485268","36127","2025-10-18","25.00","AUD","1760030176","101429/2025-10-18/1760030176.json"
"485268","36127","2025-10-19","25.00","AUD","1760030176","101429/2025-10-19/1760030176.json"
"485268","36127","2025-10-20","25.00","AUD","1760030176","101429/2025-10-20/1760030176.json"
"485268","36127","2025-10-21","25.00","AUD","1760030176","101429/2025-10-21/1760030176.json"
"485268","36127","2025-10-22","25.00","AUD","1760030176","101429/2025-10-22/1760030176.json"
"485268","36127","2025-10-24","25.00","AUD","1760030176","101429/2025-10-24/1760030176.json"
"485268","36127","2025-10-25","25.00","AUD","1760030176","101429/2025-10-25/1760030176.json"
"485268","36127","2025-10-26","25.00","AUD","1760030176","101429/2025-10-26/1760030176.json"
"485268","36127","2025-10-23","25.00","AUD","1760030176","101429/2025-10-23/1760030176.json"
"485268","36127","2025-10-27","25.00","AUD","1760030176","101429/2025-10-27/1760030176.json"
"485268","36127","2025-10-29","25.00","AUD","1760030176","101429/2025-10-29/1760030176.json"
"485268","36127","2025-10-28","25.00","AUD","1760030176","101429/2025-10-28/1760030176.json"
"485268","36127","2025-10-30","25.00","AUD","1760030176","101429/2025-10-30/1760030176.json"
"485268","36127","2025-11-02","25.00","AUD","1760030176","101429/2025-11-02/1760030176.json"
"485268","36127","2025-10-31","25.00","AUD","1760030176","101429/2025-10-31/1760030176.json"
"485268","36127","2025-11-01","25.00","AUD","1760030176","101429/2025-11-01/1760030176.json"
"485268","36127","2025-11-03","25.00","AUD","1760030176","101429/2025-11-03/1760030176.json"
"485268","36127","2025-11-04","25.00","AUD","1760030176","101429/2025-11-04/1760030176.json"
"485268","36127","2025-11-05","25.00","AUD","1760030176","101429/2025-11-05/1760030176.json"
"485268","36127","2025-11-06","25.00","AUD","1760030176","101429/2025-11-06/1760030176.json"
"485268","36127","2025-11-11","25.00","AUD","1760030176","101429/2025-11-11/1760030176.json"
"485268","36127","2025-11-14","25.00","AUD","1760030176","101429/2025-11-14/1760030176.json"
"485268","36127","2025-11-12","25.00","AUD","1760030176","101429/2025-11-12/1760030176.json"
"485268","36127","2025-11-13","25.00","AUD","1760030176","101429/2025-11-13/1760030176.json"
"485268","36127","2025-11-15","25.00","AUD","1760030176","101429/2025-11-15/1760030176.json"
"485268","36127","2025-11-16","25.00","AUD","1760030176","101429/2025-11-16/1760030176.json"
"485268","36127","2025-11-17","25.00","AUD","1760030176","101429/2025-11-17/1760030176.json"
"485268","36127","2025-11-18","25.00","AUD","1760030176","101429/2025-11-18/1760030176.json"
"485268","36127","2025-11-19","25.00","AUD","1760030176","101429/2025-11-19/1760030176.json"
"485268","36127","2025-11-21","25.00","AUD","1760030176","101429/2025-11-21/1760030176.json"
"485268","36127","2025-11-22","25.00","AUD","1760030176","101429/2025-11-22/1760030176.json"
"485268","36127","2025-11-23","25.00","AUD","1760030176","101429/2025-11-23/1760030176.json"
"485268","36127","2025-11-20","25.00","AUD","1760030176","101429/2025-11-20/1760030176.json"
"485268","36127","2025-11-24","25.00","AUD","1760030176","101429/2025-11-24/1760030176.json"
"485268","36127","2025-11-25","25.00","AUD","1760030176","101429/2025-11-25/1760030176.json"
"485268","36127","2025-11-26","25.00","AUD","1760030176","101429/2025-11-26/1760030176.json"
"485268","36127","2025-11-27","25.00","AUD","1760030176","101429/2025-11-27/1760030176.json"
"485268","36127","2025-11-28","25.00","AUD","1760030176","101429/2025-11-28/1760030176.json"
"485268","36127","2025-11-30","25.00","AUD","1760030176","101429/2025-11-30/1760030176.json"
"485268","36127","2025-11-29","25.00","AUD","1760030176","101429/2025-11-29/1760030176.json"
"485268","36127","2025-10-10","25.00","AUD","1760043648","101429/2025-10-10/1760043648.json"
"485268","36127","2025-10-12","25.00","AUD","1760043648","101429/2025-10-12/1760043648.json"
"485268","36127","2025-10-13","25.00","AUD","1760043648","101429/2025-10-13/1760043648.json"
"485268","36127","2025-10-15","25.00","AUD","1760043648","101429/2025-10-15/1760043648.json"
"485268","36127","2025-10-16","25.00","AUD","1760043648","101429/2025-10-16/1760043648.json"
"485268","36127","2025-10-14","25.00","AUD","1760043648","101429/2025-10-14/1760043648.json"
"485268","36127","2025-10-19","25.00","AUD","1760043648","101429/2025-10-19/1760043648.json"
"485268","36127","2025-10-17","25.00","AUD","1760043648","101429/2025-10-17/1760043648.json"
"485268","36127","2025-10-18","25.00","AUD","1760043648","101429/2025-10-18/1760043648.json"
"485268","36127","2025-10-20","25.00","AUD","1760043648","101429/2025-10-20/1760043648.json"
"485268","36127","2025-10-21","25.00","AUD","1760043648","101429/2025-10-21/1760043648.json"
"485268","36127","2025-10-23","25.00","AUD","1760043648","101429/2025-10-23/1760043648.json"
"485268","36127","2025-10-22","25.00","AUD","1760043648","101429/2025-10-22/1760043648.json"
"485268","36127","2025-10-24","25.00","AUD","1760043648","101429/2025-10-24/1760043648.json"
"485268","36127","2025-10-28","25.00","AUD","1760043648","101429/2025-10-28/1760043648.json"
"485268","36127","2025-10-26","25.00","AUD","1760043648","101429/2025-10-26/1760043648.json"
"485268","36127","2025-10-25","25.00","AUD","1760043648","101429/2025-10-25/1760043648.json"
"485268","36127","2025-10-27","25.00","AUD","1760043648","101429/2025-10-27/1760043648.json"
"485268","36127","2025-11-01","25.00","AUD","1760043648","101429/2025-11-01/1760043648.json"
"485268","36127","2025-10-29","25.00","AUD","1760043648","101429/2025-10-29/1760043648.json"
"485268","36127","2025-10-31","25.00","AUD","1760043648","101429/2025-10-31/1760043648.json"
"485268","36127","2025-11-02","25.00","AUD","1760043648","101429/2025-11-02/1760043648.json"
"485268","36127","2025-11-03","25.00","AUD","1760043648","101429/2025-11-03/1760043648.json"
"485268","36127","2025-11-04","25.00","AUD","1760043648","101429/2025-11-04/1760043648.json"
"485268","36127","2025-11-05","25.00","AUD","1760043648","101429/2025-11-05/1760043648.json"
"485268","36127","2025-11-06","25.00","AUD","1760043648","101429/2025-11-06/1760043648.json"
"485268","36127","2025-10-30","25.00","AUD","1760043648","101429/2025-10-30/1760043648.json"
"485268","36127","2025-11-11","25.00","AUD","1760043648","101429/2025-11-11/1760043648.json"
"485268","36127","2025-11-12","25.00","AUD","1760043648","101429/2025-11-12/1760043648.json"
"485268","36127","2025-11-13","25.00","AUD","1760043648","101429/2025-11-13/1760043648.json"
"485268","36127","2025-11-14","25.00","AUD","1760043648","101429/2025-11-14/1760043648.json"
"485268","36127","2025-11-15","25.00","AUD","1760043648","101429/2025-11-15/1760043648.json"
"485268","36127","2025-11-16","25.00","AUD","1760043648","101429/2025-11-16/1760043648.json"
"485268","36127","2025-11-17","25.00","AUD","1760043648","101429/2025-11-17/1760043648.json"
"485268","36127","2025-11-18","25.00","AUD","1760043648","101429/2025-11-18/1760043648.json"
"485268","36127","2025-11-19","25.00","AUD","1760043648","101429/2025-11-19/1760043648.json"
"485268","36127","2025-11-20","25.00","AUD","1760043648","101429/2025-11-20/1760043648.json"
"485268","36127","2025-11-21","25.00","AUD","1760043648","101429/2025-11-21/1760043648.json"
"485268","36127","2025-11-22","25.00","AUD","1760043648","101429/2025-11-22/1760043648.json"
"485268","36127","2025-11-23","25.00","AUD","1760043648","101429/2025-11-23/1760043648.json"
"485268","36127","2025-11-24","25.00","AUD","1760043648","101429/2025-11-24/1760043648.json"
"485268","36127","2025-11-25","25.00","AUD","1760043648","101429/2025-11-25/1760043648.json"
"485268","36127","2025-11-27","25.00","AUD","1760043648","101429/2025-11-27/1760043648.json"
"485268","36127","2025-11-26","25.00","AUD","1760043648","101429/2025-11-26/1760043648.json"
"485268","36127","2025-11-28","25.00","AUD","1760043648","101429/2025-11-28/1760043648.json"
"485268","36127","2025-11-29","25.00","AUD","1760043648","101429/2025-11-29/1760043648.json"
"485268","36127","2025-11-30","25.00","AUD","1760043648","101429/2025-11-30/1760043648.json"
"485268","36127","2025-10-13","25.00","AUD","1760067048","101429/2025-10-13/1760067048.json"
"485268","36127","2025-10-10","25.00","AUD","1760067048","101429/2025-10-10/1760067048.json"
"485268","36127","2025-10-12","25.00","AUD","1760067048","101429/2025-10-12/1760067048.json"
"485268","36127","2025-10-14","25.00","AUD","1760067048","101429/2025-10-14/1760067048.json"
"485268","36127","2025-10-15","25.00","AUD","1760067048","101429/2025-10-15/1760067048.json"
"485268","36127","2025-10-17","25.00","AUD","1760067048","101429/2025-10-17/1760067048.json"
"485268","36127","2025-10-16","25.00","AUD","1760067048","101429/2025-10-16/1760067048.json"
"485268","36127","2025-10-19","25.00","AUD","1760067048","101429/2025-10-19/1760067048.json"
"485268","36127","2025-10-20","25.00","AUD","1760067048","101429/2025-10-20/1760067048.json"
"485268","36127","2025-10-18","25.00","AUD","1760067048","101429/2025-10-18/1760067048.json"
"485268","36127","2025-10-21","25.00","AUD","1760067048","101429/2025-10-21/1760067048.json"
"485268","36127","2025-10-22","25.00","AUD","1760067048","101429/2025-10-22/1760067048.json"
"485268","36127","2025-10-23","25.00","AUD","1760067048","101429/2025-10-23/1760067048.json"
"485268","36127","2025-10-24","25.00","AUD","1760067048","101429/2025-10-24/1760067048.json"
"485268","36127","2025-10-25","25.00","AUD","1760067048","101429/2025-10-25/1760067048.json"
"485268","36127","2025-10-26","25.00","AUD","1760067048","101429/2025-10-26/1760067048.json"
"485268","36127","2025-10-27","25.00","AUD","1760067048","101429/2025-10-27/1760067048.json"
"485268","36127","2025-10-28","25.00","AUD","1760067048","101429/2025-10-28/1760067048.json"
"485268","36127","2025-10-29","25.00","AUD","1760067048","101429/2025-10-29/1760067048.json"
"485268","36127","2025-10-31","25.00","AUD","1760067048","101429/2025-10-31/1760067048.json"
"485268","36127","2025-10-30","25.00","AUD","1760067048","101429/2025-10-30/1760067048.json"
"485268","36127","2025-11-02","25.00","AUD","1760067048","101429/2025-11-02/1760067048.json"
"485268","36127","2025-11-01","25.00","AUD","1760067048","101429/2025-11-01/1760067048.json"
"485268","36127","2025-11-04","25.00","AUD","1760067048","101429/2025-11-04/1760067048.json"
"485268","36127","2025-11-03","25.00","AUD","1760067048","101429/2025-11-03/1760067048.json"
"485268","36127","2025-11-05","25.00","AUD","1760067048","101429/2025-11-05/1760067048.json"
"485268","36127","2025-11-06","25.00","AUD","1760067048","101429/2025-11-06/1760067048.json"
"485268","36127","2025-11-11","25.00","AUD","1760067048","101429/2025-11-11/1760067048.json"
"485268","36127","2025-11-12","25.00","AUD","1760067048","101429/2025-11-12/1760067048.json"
"485268","36127","2025-11-13","25.00","AUD","1760067048","101429/2025-11-13/1760067048.json"
"485268","36127","2025-11-14","25.00","AUD","1760067048","101429/2025-11-14/1760067048.json"
"485268","36127","2025-11-17","25.00","AUD","1760067048","101429/2025-11-17/1760067048.json"
"485268","36127","2025-11-15","25.00","AUD","1760067048","101429/2025-11-15/1760067048.json"
"485268","36127","2025-11-18","25.00","AUD","1760067048","101429/2025-11-18/1760067048.json"
"485268","36127","2025-11-16","25.00","AUD","1760067048","101429/2025-11-16/1760067048.json"
"485268","36127","2025-11-20","25.00","AUD","1760067048","101429/2025-11-20/1760067048.json"
"485268","36127","2025-11-21","25.00","AUD","1760067048","101429/2025-11-21/1760067048.json"
"485268","36127","2025-11-22","25.00","AUD","1760067048","101429/2025-11-22/1760067048.json"
"485268","36127","2025-11-23","25.00","AUD","1760067048","101429/2025-11-23/1760067048.json"
"485268","36127","2025-11-24","25.00","AUD","1760067048","101429/2025-11-24/1760067048.json"
"485268","36127","2025-11-25","25.00","AUD","1760067048","101429/2025-11-25/1760067048.json"
"485268","36127","2025-11-19","25.00","AUD","1760067048","101429/2025-11-19/1760067048.json"
"485268","36127","2025-11-26","25.00","AUD","1760067048","101429/2025-11-26/1760067048.json"
"485268","36127","2025-11-27","25.00","AUD","1760067048","101429/2025-11-27/1760067048.json"
"485268","36127","2025-11-28","25.00","AUD","1760067048","101429/2025-11-28/1760067048.json"
"485268","36127","2025-11-29","25.00","AUD","1760067048","101429/2025-11-29/1760067048.json"
"485268","36127","2025-11-30","25.00","AUD","1760067048","101429/2025-11-30/1760067048.json"
"485268","36127","2025-10-12","25.00","AUD","1760072511","101429/2025-10-12/1760072511.json"
"485268","36127","2025-10-10","25.00","AUD","1760072511","101429/2025-10-10/1760072511.json"
"485268","36127","2025-10-13","25.00","AUD","1760072511","101429/2025-10-13/1760072511.json"
"485268","36127","2025-10-14","25.00","AUD","1760072511","101429/2025-10-14/1760072511.json"
"485268","36127","2025-10-15","25.00","AUD","1760072511","101429/2025-10-15/1760072511.json"
"485268","36127","2025-10-16","25.00","AUD","1760072511","101429/2025-10-16/1760072511.json"
"485268","36127","2025-10-17","25.00","AUD","1760072511","101429/2025-10-17/1760072511.json"
"485268","36127","2025-10-19","25.00","AUD","1760072511","101429/2025-10-19/1760072511.json"
"485268","36127","2025-10-18","25.00","AUD","1760072511","101429/2025-10-18/1760072511.json"
"485268","36127","2025-10-21","25.00","AUD","1760072511","101429/2025-10-21/1760072511.json"
"485268","36127","2025-10-20","25.00","AUD","1760072511","101429/2025-10-20/1760072511.json"
"485268","36127","2025-10-22","25.00","AUD","1760072511","101429/2025-10-22/1760072511.json"
"485268","36127","2025-10-24","25.00","AUD","1760072511","101429/2025-10-24/1760072511.json"
"485268","36127","2025-10-25","25.00","AUD","1760072511","101429/2025-10-25/1760072511.json"
"485268","36127","2025-10-23","25.00","AUD","1760072511","101429/2025-10-23/1760072511.json"
"485268","36127","2025-10-26","25.00","AUD","1760072511","101429/2025-10-26/1760072511.json"
"485268","36127","2025-10-27","25.00","AUD","1760072511","101429/2025-10-27/1760072511.json"
"485268","36127","2025-10-28","25.00","AUD","1760072511","101429/2025-10-28/1760072511.json"
"485268","36127","2025-10-29","25.00","AUD","1760072511","101429/2025-10-29/1760072511.json"
"485268","36127","2025-10-31","25.00","AUD","1760072511","101429/2025-10-31/1760072511.json"
"485268","36127","2025-10-30","25.00","AUD","1760072511","101429/2025-10-30/1760072511.json"
"485268","36127","2025-11-02","25.00","AUD","1760072511","101429/2025-11-02/1760072511.json"
"485268","36127","2025-11-01","25.00","AUD","1760072511","101429/2025-11-01/1760072511.json"
"485268","36127","2025-11-03","25.00","AUD","1760072511","101429/2025-11-03/1760072511.json"
"485268","36127","2025-11-04","25.00","AUD","1760072511","101429/2025-11-04/1760072511.json"
"485268","36127","2025-11-05","25.00","AUD","1760072511","101429/2025-11-05/1760072511.json"
"485268","36127","2025-11-06","25.00","AUD","1760072511","101429/2025-11-06/1760072511.json"
"485268","36127","2025-11-12","25.00","AUD","1760072511","101429/2025-11-12/1760072511.json"
"485268","36127","2025-11-11","25.00","AUD","1760072511","101429/2025-11-11/1760072511.json"
"485268","36127","2025-11-13","25.00","AUD","1760072511","101429/2025-11-13/1760072511.json"
"485268","36127","2025-11-14","25.00","AUD","1760072511","101429/2025-11-14/1760072511.json"
"485268","36127","2025-11-15","25.00","AUD","1760072511","101429/2025-11-15/1760072511.json"
"485268","36127","2025-11-16","25.00","AUD","1760072511","101429/2025-11-16/1760072511.json"
"485268","36127","2025-11-17","25.00","AUD","1760072511","101429/2025-11-17/1760072511.json"
"485268","36127","2025-11-18","25.00","AUD","1760072511","101429/2025-11-18/1760072511.json"
"485268","36127","2025-11-21","25.00","AUD","1760072511","101429/2025-11-21/1760072511.json"
"485268","36127","2025-11-20","25.00","AUD","1760072511","101429/2025-11-20/1760072511.json"
"485268","36127","2025-11-22","25.00","AUD","1760072511","101429/2025-11-22/1760072511.json"
"485268","36127","2025-11-19","25.00","AUD","1760072511","101429/2025-11-19/1760072511.json"
"485268","36127","2025-11-23","25.00","AUD","1760072511","101429/2025-11-23/1760072511.json"
"485268","36127","2025-11-24","25.00","AUD","1760072511","101429/2025-11-24/1760072511.json"
"485268","36127","2025-11-25","25.00","AUD","1760072511","101429/2025-11-25/1760072511.json"
"485268","36127","2025-11-26","25.00","AUD","1760072511","101429/2025-11-26/1760072511.json"
"485268","36127","2025-11-27","25.00","AUD","1760072511","101429/2025-11-27/1760072511.json"
"485268","36127","2025-11-29","25.00","AUD","1760072511","101429/2025-11-29/1760072511.json"
"485268","36127","2025-11-28","25.00","AUD","1760072511","101429/2025-11-28/1760072511.json"
"485268","36127","2025-11-30","25.00","AUD","1760072511","101429/2025-11-30/1760072511.json"
"485268","36127","2025-10-12","25.00","AUD","1760087499","101429/2025-10-12/1760087499.json"
"485268","36127","2025-10-13","25.00","AUD","1760087499","101429/2025-10-13/1760087499.json"
"485268","36127","2025-10-14","25.00","AUD","1760087499","101429/2025-10-14/1760087499.json"
"485268","36127","2025-10-15","25.00","AUD","1760087499","101429/2025-10-15/1760087499.json"
"485268","36127","2025-10-17","25.00","AUD","1760087499","101429/2025-10-17/1760087499.json"
"485268","36127","2025-10-16","25.00","AUD","1760087499","101429/2025-10-16/1760087499.json"
"485268","36127","2025-10-18","25.00","AUD","1760087499","101429/2025-10-18/1760087499.json"
"485268","36127","2025-10-19","25.00","AUD","1760087499","101429/2025-10-19/1760087499.json"
"485268","36127","2025-10-21","25.00","AUD","1760087499","101429/2025-10-21/1760087499.json"
"485268","36127","2025-10-20","25.00","AUD","1760087499","101429/2025-10-20/1760087499.json"
"485268","36127","2025-10-22","25.00","AUD","1760087499","101429/2025-10-22/1760087499.json"
"485268","36127","2025-10-23","25.00","AUD","1760087499","101429/2025-10-23/1760087499.json"
"485268","36127","2025-10-24","25.00","AUD","1760087499","101429/2025-10-24/1760087499.json"
"485268","36127","2025-10-25","25.00","AUD","1760087499","101429/2025-10-25/1760087499.json"
"485268","36127","2025-10-26","25.00","AUD","1760087499","101429/2025-10-26/1760087499.json"
"485268","36127","2025-10-28","25.00","AUD","1760087499","101429/2025-10-28/1760087499.json"
"485268","36127","2025-10-29","25.00","AUD","1760087499","101429/2025-10-29/1760087499.json"
"485268","36127","2025-10-27","25.00","AUD","1760087499","101429/2025-10-27/1760087499.json"
"485268","36127","2025-10-30","25.00","AUD","1760087499","101429/2025-10-30/1760087499.json"
"485268","36127","2025-10-31","25.00","AUD","1760087499","101429/2025-10-31/1760087499.json"
"485268","36127","2025-11-03","25.00","AUD","1760087499","101429/2025-11-03/1760087499.json"
"485268","36127","2025-11-01","25.00","AUD","1760087499","101429/2025-11-01/1760087499.json"
"485268","36127","2025-11-02","25.00","AUD","1760087499","101429/2025-11-02/1760087499.json"
"485268","36127","2025-11-04","25.00","AUD","1760087499","101429/2025-11-04/1760087499.json"
"485268","36127","2025-11-05","25.00","AUD","1760087499","101429/2025-11-05/1760087499.json"
"485268","36127","2025-11-06","25.00","AUD","1760087499","101429/2025-11-06/1760087499.json"
"485268","36127","2025-11-11","25.00","AUD","1760087499","101429/2025-11-11/1760087499.json"
"485268","36127","2025-11-12","25.00","AUD","1760087499","101429/2025-11-12/1760087499.json"
"485268","36127","2025-11-13","25.00","AUD","1760087499","101429/2025-11-13/1760087499.json"
"485268","36127","2025-11-14","25.00","AUD","1760087499","101429/2025-11-14/1760087499.json"
"485268","36127","2025-11-15","25.00","AUD","1760087499","101429/2025-11-15/1760087499.json"
"485268","36127","2025-11-16","25.00","AUD","1760087499","101429/2025-11-16/1760087499.json"
"485268","36127","2025-11-17","25.00","AUD","1760087499","101429/2025-11-17/1760087499.json"
"485268","36127","2025-11-18","25.00","AUD","1760087499","101429/2025-11-18/1760087499.json"
"485268","36127","2025-11-19","25.00","AUD","1760087499","101429/2025-11-19/1760087499.json"
"485268","36127","2025-11-20","25.00","AUD","1760087499","101429/2025-11-20/1760087499.json"
"485268","36127","2025-11-21","25.00","AUD","1760087499","101429/2025-11-21/1760087499.json"
"485268","36127","2025-11-22","25.00","AUD","1760087499","101429/2025-11-22/1760087499.json"
"485268","36127","2025-11-23","25.00","AUD","1760087499","101429/2025-11-23/1760087499.json"
"485268","36127","2025-11-27","25.00","AUD","1760087499","101429/2025-11-27/1760087499.json"
"485268","36127","2025-11-24","25.00","AUD","1760087499","101429/2025-11-24/1760087499.json"
"485268","36127","2025-11-25","25.00","AUD","1760087499","101429/2025-11-25/1760087499.json"
"485268","36127","2025-11-26","25.00","AUD","1760087499","101429/2025-11-26/1760087499.json"
"485268","36127","2025-11-28","25.00","AUD","1760087499","101429/2025-11-28/1760087499.json"
"485268","36127","2025-11-29","25.00","AUD","1760087499","101429/2025-11-29/1760087499.json"
"485268","36127","2025-11-30","25.00","AUD","1760087499","101429/2025-11-30/1760087499.json"
"485268","36127","2025-10-13","25.00","AUD","1760103921","101429/2025-10-13/1760103921.json"
"485268","36127","2025-10-12","25.00","AUD","1760103921","101429/2025-10-12/1760103921.json"
"485268","36127","2025-10-14","25.00","AUD","1760103921","101429/2025-10-14/1760103921.json"
"485268","36127","2025-10-16","25.00","AUD","1760103921","101429/2025-10-16/1760103921.json"
"485268","36127","2025-10-15","25.00","AUD","1760103921","101429/2025-10-15/1760103921.json"
"485268","36127","2025-10-18","25.00","AUD","1760103921","101429/2025-10-18/1760103921.json"
"485268","36127","2025-10-17","25.00","AUD","1760103921","101429/2025-10-17/1760103921.json"
"485268","36127","2025-10-19","25.00","AUD","1760103921","101429/2025-10-19/1760103921.json"
"485268","36127","2025-10-20","25.00","AUD","1760103921","101429/2025-10-20/1760103921.json"
"485268","36127","2025-10-21","25.00","AUD","1760103921","101429/2025-10-21/1760103921.json"
"485268","36127","2025-10-22","25.00","AUD","1760103921","101429/2025-10-22/1760103921.json"
"485268","36127","2025-10-23","25.00","AUD","1760103921","101429/2025-10-23/1760103921.json"
"485268","36127","2025-10-24","25.00","AUD","1760103921","101429/2025-10-24/1760103921.json"
"485268","36127","2025-10-25","25.00","AUD","1760103921","101429/2025-10-25/1760103921.json"
"485268","36127","2025-10-26","25.00","AUD","1760103921","101429/2025-10-26/1760103921.json"
"485268","36127","2025-10-28","25.00","AUD","1760103921","101429/2025-10-28/1760103921.json"
"485268","36127","2025-10-29","25.00","AUD","1760103921","101429/2025-10-29/1760103921.json"
"485268","36127","2025-10-27","25.00","AUD","1760103921","101429/2025-10-27/1760103921.json"
"485268","36127","2025-10-30","25.00","AUD","1760103921","101429/2025-10-30/1760103921.json"
"485268","36127","2025-10-31","25.00","AUD","1760103921","101429/2025-10-31/1760103921.json"
"485268","36127","2025-11-01","25.00","AUD","1760103921","101429/2025-11-01/1760103921.json"
"485268","36127","2025-11-03","25.00","AUD","1760103921","101429/2025-11-03/1760103921.json"
"485268","36127","2025-11-02","25.00","AUD","1760103921","101429/2025-11-02/1760103921.json"
"485268","36127","2025-11-05","25.00","AUD","1760103921","101429/2025-11-05/1760103921.json"
"485268","36127","2025-11-06","25.00","AUD","1760103921","101429/2025-11-06/1760103921.json"
"485268","36127","2025-11-04","25.00","AUD","1760103921","101429/2025-11-04/1760103921.json"
"485268","36127","2025-11-11","25.00","AUD","1760103921","101429/2025-11-11/1760103921.json"
"485268","36127","2025-11-12","25.00","AUD","1760103921","101429/2025-11-12/1760103921.json"
"485268","36127","2025-11-13","25.00","AUD","1760103921","101429/2025-11-13/1760103921.json"
"485268","36127","2025-11-14","25.00","AUD","1760103921","101429/2025-11-14/1760103921.json"
"485268","36127","2025-11-15","25.00","AUD","1760103921","101429/2025-11-15/1760103921.json"
"485268","36127","2025-11-16","25.00","AUD","1760103921","101429/2025-11-16/1760103921.json"
"485268","36127","2025-11-18","25.00","AUD","1760103921","101429/2025-11-18/1760103921.json"
"485268","36127","2025-11-17","25.00","AUD","1760103921","101429/2025-11-17/1760103921.json"
"485268","36127","2025-11-19","25.00","AUD","1760103921","101429/2025-11-19/1760103921.json"
"485268","36127","2025-11-20","25.00","AUD","1760103921","101429/2025-11-20/1760103921.json"
"485268","36127","2025-11-21","25.00","AUD","1760103921","101429/2025-11-21/1760103921.json"
"485268","36127","2025-11-22","25.00","AUD","1760103921","101429/2025-11-22/1760103921.json"
"485268","36127","2025-11-24","25.00","AUD","1760103921","101429/2025-11-24/1760103921.json"
"485268","36127","2025-11-23","25.00","AUD","1760103921","101429/2025-11-23/1760103921.json"
"485268","36127","2025-11-25","25.00","AUD","1760103921","101429/2025-11-25/1760103921.json"
"485268","36127","2025-11-27","25.00","AUD","1760103921","101429/2025-11-27/1760103921.json"
"485268","36127","2025-11-26","25.00","AUD","1760103921","101429/2025-11-26/1760103921.json"
"485268","36127","2025-11-28","25.00","AUD","1760103921","101429/2025-11-28/1760103921.json"
"485268","36127","2025-11-29","25.00","AUD","1760103921","101429/2025-11-29/1760103921.json"
"485268","36127","2025-11-30","25.00","AUD","1760103921","101429/2025-11-30/1760103921.json"
"485268","36127","2025-10-13","25.00","AUD","1760116134","101429/2025-10-13/1760116134.json"
"485268","36127","2025-10-14","25.00","AUD","1760116134","101429/2025-10-14/1760116134.json"
"485268","36127","2025-10-15","25.00","AUD","1760116134","101429/2025-10-15/1760116134.json"
"485268","36127","2025-10-16","25.00","AUD","1760116134","101429/2025-10-16/1760116134.json"
"485268","36127","2025-10-12","25.00","AUD","1760116134","101429/2025-10-12/1760116134.json"
"485268","36127","2025-10-17","25.00","AUD","1760116134","101429/2025-10-17/1760116134.json"
"485268","36127","2025-10-19","25.00","AUD","1760116134","101429/2025-10-19/1760116134.json"
"485268","36127","2025-10-18","25.00","AUD","1760116134","101429/2025-10-18/1760116134.json"
"485268","36127","2025-10-21","25.00","AUD","1760116134","101429/2025-10-21/1760116134.json"
"485268","36127","2025-10-20","25.00","AUD","1760116134","101429/2025-10-20/1760116134.json"
"485268","36127","2025-10-22","25.00","AUD","1760116134","101429/2025-10-22/1760116134.json"
"485268","36127","2025-10-23","25.00","AUD","1760116134","101429/2025-10-23/1760116134.json"
"485268","36127","2025-10-24","25.00","AUD","1760116134","101429/2025-10-24/1760116134.json"
"485268","36127","2025-10-26","25.00","AUD","1760116134","101429/2025-10-26/1760116134.json"
"485268","36127","2025-10-25","25.00","AUD","1760116134","101429/2025-10-25/1760116134.json"
"485268","36127","2025-10-27","25.00","AUD","1760116134","101429/2025-10-27/1760116134.json"
"485268","36127","2025-10-28","25.00","AUD","1760116134","101429/2025-10-28/1760116134.json"
"485268","36127","2025-10-29","25.00","AUD","1760116134","101429/2025-10-29/1760116134.json"
"485268","36127","2025-10-31","25.00","AUD","1760116134","101429/2025-10-31/1760116134.json"
"485268","36127","2025-10-30","25.00","AUD","1760116134","101429/2025-10-30/1760116134.json"
"485268","36127","2025-11-01","25.00","AUD","1760116134","101429/2025-11-01/1760116134.json"
"485268","36127","2025-11-03","25.00","AUD","1760116134","101429/2025-11-03/1760116134.json"
"485268","36127","2025-11-04","25.00","AUD","1760116134","101429/2025-11-04/1760116134.json"
"485268","36127","2025-11-02","25.00","AUD","1760116134","101429/2025-11-02/1760116134.json"
"485268","36127","2025-11-05","25.00","AUD","1760116134","101429/2025-11-05/1760116134.json"
"485268","36127","2025-11-06","25.00","AUD","1760116134","101429/2025-11-06/1760116134.json"
"485268","36127","2025-11-11","25.00","AUD","1760116134","101429/2025-11-11/1760116134.json"
"485268","36127","2025-11-13","25.00","AUD","1760116134","101429/2025-11-13/1760116134.json"
"485268","36127","2025-11-12","25.00","AUD","1760116134","101429/2025-11-12/1760116134.json"
"485268","36127","2025-11-14","25.00","AUD","1760116134","101429/2025-11-14/1760116134.json"
"485268","36127","2025-11-15","25.00","AUD","1760116134","101429/2025-11-15/1760116134.json"
"485268","36127","2025-11-17","25.00","AUD","1760116134","101429/2025-11-17/1760116134.json"
"485268","36127","2025-11-16","25.00","AUD","1760116134","101429/2025-11-16/1760116134.json"
"485268","36127","2025-11-18","25.00","AUD","1760116134","101429/2025-11-18/1760116134.json"
"485268","36127","2025-11-19","25.00","AUD","1760116134","101429/2025-11-19/1760116134.json"
"485268","36127","2025-11-20","25.00","AUD","1760116134","101429/2025-11-20/1760116134.json"
"485268","36127","2025-11-21","25.00","AUD","1760116134","101429/2025-11-21/1760116134.json"
"485268","36127","2025-11-22","25.00","AUD","1760116134","101429/2025-11-22/1760116134.json"
"485268","36127","2025-11-24","25.00","AUD","1760116134","101429/2025-11-24/1760116134.json"
"485268","36127","2025-11-23","25.00","AUD","1760116134","101429/2025-11-23/1760116134.json"
"485268","36127","2025-11-26","25.00","AUD","1760116134","101429/2025-11-26/1760116134.json"
"485268","36127","2025-11-25","25.00","AUD","1760116134","101429/2025-11-25/1760116134.json"
"485268","36127","2025-11-27","25.00","AUD","1760116134","101429/2025-11-27/1760116134.json"
"485268","36127","2025-11-28","25.00","AUD","1760116134","101429/2025-11-28/1760116134.json"
"485268","36127","2025-11-29","25.00","AUD","1760116134","101429/2025-11-29/1760116134.json"
"485268","36127","2025-11-30","25.00","AUD","1760116134","101429/2025-11-30/1760116134.json"
"485268","36127","2025-10-12","25.00","AUD","1760129727","101429/2025-10-12/1760129727.json"
"485268","36127","2025-10-13","25.00","AUD","1760129727","101429/2025-10-13/1760129727.json"
"485268","36127","2025-10-14","25.00","AUD","1760129727","101429/2025-10-14/1760129727.json"
"485268","36127","2025-10-17","25.00","AUD","1760129727","101429/2025-10-17/1760129727.json"
"485268","36127","2025-10-16","25.00","AUD","1760129727","101429/2025-10-16/1760129727.json"
"485268","36127","2025-10-15","25.00","AUD","1760129727","101429/2025-10-15/1760129727.json"
"485268","36127","2025-10-18","25.00","AUD","1760129727","101429/2025-10-18/1760129727.json"
"485268","36127","2025-10-19","25.00","AUD","1760129727","101429/2025-10-19/1760129727.json"
"485268","36127","2025-10-21","25.00","AUD","1760129727","101429/2025-10-21/1760129727.json"
"485268","36127","2025-10-20","25.00","AUD","1760129727","101429/2025-10-20/1760129727.json"
"485268","36127","2025-10-22","25.00","AUD","1760129727","101429/2025-10-22/1760129727.json"
"485268","36127","2025-10-23","25.00","AUD","1760129727","101429/2025-10-23/1760129727.json"
"485268","36127","2025-10-24","25.00","AUD","1760129727","101429/2025-10-24/1760129727.json"
"485268","36127","2025-10-25","25.00","AUD","1760129727","101429/2025-10-25/1760129727.json"
"485268","36127","2025-10-26","25.00","AUD","1760129727","101429/2025-10-26/1760129727.json"
"485268","36127","2025-10-27","25.00","AUD","1760129727","101429/2025-10-27/1760129727.json"
"485268","36127","2025-10-28","25.00","AUD","1760129727","101429/2025-10-28/1760129727.json"
"485268","36127","2025-10-29","25.00","AUD","1760129727","101429/2025-10-29/1760129727.json"
"485268","36127","2025-10-30","25.00","AUD","1760129727","101429/2025-10-30/1760129727.json"
"485268","36127","2025-10-31","25.00","AUD","1760129727","101429/2025-10-31/1760129727.json"
"485268","36127","2025-11-01","25.00","AUD","1760129727","101429/2025-11-01/1760129727.json"
"485268","36127","2025-11-02","25.00","AUD","1760129727","101429/2025-11-02/1760129727.json"
"485268","36127","2025-11-03","25.00","AUD","1760129727","101429/2025-11-03/1760129727.json"
"485268","36127","2025-11-04","25.00","AUD","1760129727","101429/2025-11-04/1760129727.json"
"485268","36127","2025-11-05","25.00","AUD","1760129727","101429/2025-11-05/1760129727.json"
"485268","36127","2025-11-06","25.00","AUD","1760129727","101429/2025-11-06/1760129727.json"
"485268","36127","2025-11-11","25.00","AUD","1760129727","101429/2025-11-11/1760129727.json"
"485268","36127","2025-11-12","25.00","AUD","1760129727","101429/2025-11-12/1760129727.json"
"485268","36127","2025-11-15","25.00","AUD","1760129727","101429/2025-11-15/1760129727.json"
"485268","36127","2025-11-14","25.00","AUD","1760129727","101429/2025-11-14/1760129727.json"
"485268","36127","2025-11-16","25.00","AUD","1760129727","101429/2025-11-16/1760129727.json"
"485268","36127","2025-11-17","25.00","AUD","1760129727","101429/2025-11-17/1760129727.json"
"485268","36127","2025-11-18","25.00","AUD","1760129727","101429/2025-11-18/1760129727.json"
"485268","36127","2025-11-19","25.00","AUD","1760129727","101429/2025-11-19/1760129727.json"
"485268","36127","2025-11-20","25.00","AUD","1760129727","101429/2025-11-20/1760129727.json"
"485268","36127","2025-11-21","25.00","AUD","1760129727","101429/2025-11-21/1760129727.json"
"485268","36127","2025-11-22","25.00","AUD","1760129727","101429/2025-11-22/1760129727.json"
"485268","36127","2025-11-23","25.00","AUD","1760129727","101429/2025-11-23/1760129727.json"
"485268","36127","2025-11-25","25.00","AUD","1760129727","101429/2025-11-25/1760129727.json"
"485268","36127","2025-11-24","25.00","AUD","1760129727","101429/2025-11-24/1760129727.json"
"485268","36127","2025-11-26","25.00","AUD","1760129727","101429/2025-11-26/1760129727.json"
"485268","36127","2025-11-27","25.00","AUD","1760129727","101429/2025-11-27/1760129727.json"
"485268","36127","2025-11-28","25.00","AUD","1760129727","101429/2025-11-28/1760129727.json"
"485268","36127","2025-11-29","25.00","AUD","1760129727","101429/2025-11-29/1760129727.json"
"485268","36127","2025-11-30","25.00","AUD","1760129727","101429/2025-11-30/1760129727.json"
"485268","36127","2025-11-13","25.00","AUD","1760129727","101429/2025-11-13/1760129727.json"
"485268","36127","2025-10-12","25.00","AUD","1760152924","101429/2025-10-12/1760152924.json"
"485268","36127","2025-10-14","25.00","AUD","1760152924","101429/2025-10-14/1760152924.json"
"485268","36127","2025-10-13","25.00","AUD","1760152924","101429/2025-10-13/1760152924.json"
"485268","36127","2025-10-16","25.00","AUD","1760152924","101429/2025-10-16/1760152924.json"
"485268","36127","2025-10-17","25.00","AUD","1760152924","101429/2025-10-17/1760152924.json"
"485268","36127","2025-10-15","25.00","AUD","1760152924","101429/2025-10-15/1760152924.json"
"485268","36127","2025-10-18","25.00","AUD","1760152924","101429/2025-10-18/1760152924.json"
"485268","36127","2025-10-19","25.00","AUD","1760152924","101429/2025-10-19/1760152924.json"
"485268","36127","2025-10-20","25.00","AUD","1760152924","101429/2025-10-20/1760152924.json"
"485268","36127","2025-10-21","25.00","AUD","1760152924","101429/2025-10-21/1760152924.json"
"485268","36127","2025-10-22","25.00","AUD","1760152924","101429/2025-10-22/1760152924.json"
"485268","36127","2025-10-23","25.00","AUD","1760152924","101429/2025-10-23/1760152924.json"
"485268","36127","2025-10-25","25.00","AUD","1760152924","101429/2025-10-25/1760152924.json"
"485268","36127","2025-10-24","25.00","AUD","1760152924","101429/2025-10-24/1760152924.json"
"485268","36127","2025-10-26","25.00","AUD","1760152924","101429/2025-10-26/1760152924.json"
"485268","36127","2025-10-27","25.00","AUD","1760152924","101429/2025-10-27/1760152924.json"
"485268","36127","2025-10-28","25.00","AUD","1760152924","101429/2025-10-28/1760152924.json"
"485268","36127","2025-10-30","25.00","AUD","1760152924","101429/2025-10-30/1760152924.json"
"485268","36127","2025-10-29","25.00","AUD","1760152924","101429/2025-10-29/1760152924.json"
"485268","36127","2025-10-31","25.00","AUD","1760152924","101429/2025-10-31/1760152924.json"
"485268","36127","2025-11-03","25.00","AUD","1760152924","101429/2025-11-03/1760152924.json"
"485268","36127","2025-11-02","25.00","AUD","1760152924","101429/2025-11-02/1760152924.json"
"485268","36127","2025-11-04","25.00","AUD","1760152924","101429/2025-11-04/1760152924.json"
"485268","36127","2025-11-01","25.00","AUD","1760152924","101429/2025-11-01/1760152924.json"
"485268","36127","2025-11-05","25.00","AUD","1760152924","101429/2025-11-05/1760152924.json"
"485268","36127","2025-11-06","25.00","AUD","1760152924","101429/2025-11-06/1760152924.json"
"485268","36127","2025-11-11","25.00","AUD","1760152924","101429/2025-11-11/1760152924.json"
"485268","36127","2025-11-12","25.00","AUD","1760152924","101429/2025-11-12/1760152924.json"
"485268","36127","2025-11-14","25.00","AUD","1760152924","101429/2025-11-14/1760152924.json"
"485268","36127","2025-11-13","25.00","AUD","1760152924","101429/2025-11-13/1760152924.json"
"485268","36127","2025-11-16","25.00","AUD","1760152924","101429/2025-11-16/1760152924.json"
"485268","36127","2025-11-15","25.00","AUD","1760152924","101429/2025-11-15/1760152924.json"
"485268","36127","2025-11-17","25.00","AUD","1760152924","101429/2025-11-17/1760152924.json"
"485268","36127","2025-11-19","25.00","AUD","1760152924","101429/2025-11-19/1760152924.json"
"485268","36127","2025-11-18","25.00","AUD","1760152924","101429/2025-11-18/1760152924.json"
"485268","36127","2025-11-20","25.00","AUD","1760152924","101429/2025-11-20/1760152924.json"
"485268","36127","2025-11-21","25.00","AUD","1760152924","101429/2025-11-21/1760152924.json"
"485268","36127","2025-11-22","25.00","AUD","1760152924","101429/2025-11-22/1760152924.json"
"485268","36127","2025-11-24","25.00","AUD","1760152924","101429/2025-11-24/1760152924.json"
"485268","36127","2025-11-23","25.00","AUD","1760152924","101429/2025-11-23/1760152924.json"
"485268","36127","2025-11-25","25.00","AUD","1760152924","101429/2025-11-25/1760152924.json"
"485268","36127","2025-11-26","25.00","AUD","1760152924","101429/2025-11-26/1760152924.json"
"485268","36127","2025-11-27","25.00","AUD","1760152924","101429/2025-11-27/1760152924.json"
"485268","36127","2025-11-29","25.00","AUD","1760152924","101429/2025-11-29/1760152924.json"
"485268","36127","2025-11-28","25.00","AUD","1760152924","101429/2025-11-28/1760152924.json"
"485268","36127","2025-11-30","25.00","AUD","1760152924","101429/2025-11-30/1760152924.json"
"485268","36127","2025-10-12","25.00","AUD","1760158803","101429/2025-10-12/1760158803.json"
"485268","36127","2025-10-13","25.00","AUD","1760158803","101429/2025-10-13/1760158803.json"
"485268","36127","2025-10-14","25.00","AUD","1760158803","101429/2025-10-14/1760158803.json"
"485268","36127","2025-10-16","25.00","AUD","1760158803","101429/2025-10-16/1760158803.json"
"485268","36127","2025-10-18","25.00","AUD","1760158803","101429/2025-10-18/1760158803.json"
"485268","36127","2025-10-17","25.00","AUD","1760158803","101429/2025-10-17/1760158803.json"
"485268","36127","2025-10-15","25.00","AUD","1760158803","101429/2025-10-15/1760158803.json"
"485268","36127","2025-10-19","25.00","AUD","1760158803","101429/2025-10-19/1760158803.json"
"485268","36127","2025-10-20","25.00","AUD","1760158803","101429/2025-10-20/1760158803.json"
"485268","36127","2025-10-21","25.00","AUD","1760158803","101429/2025-10-21/1760158803.json"
"485268","36127","2025-10-22","25.00","AUD","1760158803","101429/2025-10-22/1760158803.json"
"485268","36127","2025-10-23","25.00","AUD","1760158803","101429/2025-10-23/1760158803.json"
"485268","36127","2025-10-24","25.00","AUD","1760158803","101429/2025-10-24/1760158803.json"
"485268","36127","2025-10-25","25.00","AUD","1760158803","101429/2025-10-25/1760158803.json"
"485268","36127","2025-10-26","25.00","AUD","1760158803","101429/2025-10-26/1760158803.json"
"485268","36127","2025-10-28","25.00","AUD","1760158803","101429/2025-10-28/1760158803.json"
"485268","36127","2025-10-27","25.00","AUD","1760158803","101429/2025-10-27/1760158803.json"
"485268","36127","2025-10-29","25.00","AUD","1760158803","101429/2025-10-29/1760158803.json"
"485268","36127","2025-10-30","25.00","AUD","1760158803","101429/2025-10-30/1760158803.json"
"485268","36127","2025-11-01","25.00","AUD","1760158803","101429/2025-11-01/1760158803.json"
"485268","36127","2025-10-31","25.00","AUD","1760158803","101429/2025-10-31/1760158803.json"
"485268","36127","2025-11-02","25.00","AUD","1760158803","101429/2025-11-02/1760158803.json"
"485268","36127","2025-11-03","25.00","AUD","1760158803","101429/2025-11-03/1760158803.json"
"485268","36127","2025-11-04","25.00","AUD","1760158803","101429/2025-11-04/1760158803.json"
"485268","36127","2025-11-06","25.00","AUD","1760158803","101429/2025-11-06/1760158803.json"
"485268","36127","2025-11-05","25.00","AUD","1760158803","101429/2025-11-05/1760158803.json"
"485268","36127","2025-11-11","25.00","AUD","1760158803","101429/2025-11-11/1760158803.json"
"485268","36127","2025-11-12","25.00","AUD","1760158803","101429/2025-11-12/1760158803.json"
"485268","36127","2025-11-13","25.00","AUD","1760158803","101429/2025-11-13/1760158803.json"
"485268","36127","2025-11-14","25.00","AUD","1760158803","101429/2025-11-14/1760158803.json"
"485268","36127","2025-11-15","25.00","AUD","1760158803","101429/2025-11-15/1760158803.json"
"485268","36127","2025-11-16","25.00","AUD","1760158803","101429/2025-11-16/1760158803.json"
"485268","36127","2025-11-17","25.00","AUD","1760158803","101429/2025-11-17/1760158803.json"
"485268","36127","2025-11-18","25.00","AUD","1760158803","101429/2025-11-18/1760158803.json"
"485268","36127","2025-11-19","25.00","AUD","1760158803","101429/2025-11-19/1760158803.json"
"485268","36127","2025-11-21","25.00","AUD","1760158803","101429/2025-11-21/1760158803.json"
"485268","36127","2025-11-20","25.00","AUD","1760158803","101429/2025-11-20/1760158803.json"
"485268","36127","2025-11-22","25.00","AUD","1760158803","101429/2025-11-22/1760158803.json"
"485268","36127","2025-11-23","25.00","AUD","1760158803","101429/2025-11-23/1760158803.json"
"485268","36127","2025-11-24","25.00","AUD","1760158803","101429/2025-11-24/1760158803.json"
"485268","36127","2025-11-25","25.00","AUD","1760158803","101429/2025-11-25/1760158803.json"
"485268","36127","2025-11-26","25.00","AUD","1760158803","101429/2025-11-26/1760158803.json"
"485268","36127","2025-11-27","25.00","AUD","1760158803","101429/2025-11-27/1760158803.json"
"485268","36127","2025-11-28","25.00","AUD","1760158803","101429/2025-11-28/1760158803.json"
"485268","36127","2025-11-29","25.00","AUD","1760158803","101429/2025-11-29/1760158803.json"
"485268","36127","2025-11-30","25.00","AUD","1760158803","101429/2025-11-30/1760158803.json"
"485268","36127","2025-10-14","25.00","AUD","1760173432","101429/2025-10-14/1760173432.json"
"485268","36127","2025-10-13","25.00","AUD","1760173432","101429/2025-10-13/1760173432.json"
"485268","36127","2025-10-12","25.00","AUD","1760173432","101429/2025-10-12/1760173432.json"
"485268","36127","2025-10-15","25.00","AUD","1760173432","101429/2025-10-15/1760173432.json"
"485268","36127","2025-10-18","25.00","AUD","1760173432","101429/2025-10-18/1760173432.json"
"485268","36127","2025-10-16","25.00","AUD","1760173432","101429/2025-10-16/1760173432.json"
"485268","36127","2025-10-17","25.00","AUD","1760173432","101429/2025-10-17/1760173432.json"
"485268","36127","2025-10-19","25.00","AUD","1760173432","101429/2025-10-19/1760173432.json"
"485268","36127","2025-10-20","25.00","AUD","1760173432","101429/2025-10-20/1760173432.json"
"485268","36127","2025-10-22","25.00","AUD","1760173432","101429/2025-10-22/1760173432.json"
"485268","36127","2025-10-21","25.00","AUD","1760173432","101429/2025-10-21/1760173432.json"
"485268","36127","2025-10-23","25.00","AUD","1760173432","101429/2025-10-23/1760173432.json"
"485268","36127","2025-10-24","25.00","AUD","1760173432","101429/2025-10-24/1760173432.json"
"485268","36127","2025-10-25","25.00","AUD","1760173432","101429/2025-10-25/1760173432.json"
"485268","36127","2025-10-26","25.00","AUD","1760173432","101429/2025-10-26/1760173432.json"
"485268","36127","2025-10-27","25.00","AUD","1760173432","101429/2025-10-27/1760173432.json"
"485268","36127","2025-10-29","25.00","AUD","1760173432","101429/2025-10-29/1760173432.json"
"485268","36127","2025-10-28","25.00","AUD","1760173432","101429/2025-10-28/1760173432.json"
"485268","36127","2025-11-01","25.00","AUD","1760173432","101429/2025-11-01/1760173432.json"
"485268","36127","2025-11-02","25.00","AUD","1760173432","101429/2025-11-02/1760173432.json"
"485268","36127","2025-10-31","25.00","AUD","1760173432","101429/2025-10-31/1760173432.json"
"485268","36127","2025-10-30","25.00","AUD","1760173432","101429/2025-10-30/1760173432.json"
"485268","36127","2025-11-03","25.00","AUD","1760173432","101429/2025-11-03/1760173432.json"
"485268","36127","2025-11-04","25.00","AUD","1760173432","101429/2025-11-04/1760173432.json"
"485268","36127","2025-11-05","25.00","AUD","1760173432","101429/2025-11-05/1760173432.json"
"485268","36127","2025-11-06","25.00","AUD","1760173432","101429/2025-11-06/1760173432.json"
"485268","36127","2025-11-11","25.00","AUD","1760173432","101429/2025-11-11/1760173432.json"
"485268","36127","2025-11-12","25.00","AUD","1760173432","101429/2025-11-12/1760173432.json"
"485268","36127","2025-11-13","25.00","AUD","1760173432","101429/2025-11-13/1760173432.json"
"485268","36127","2025-11-14","25.00","AUD","1760173432","101429/2025-11-14/1760173432.json"
"485268","36127","2025-11-15","25.00","AUD","1760173432","101429/2025-11-15/1760173432.json"
"485268","36127","2025-11-16","25.00","AUD","1760173432","101429/2025-11-16/1760173432.json"
"485268","36127","2025-11-17","25.00","AUD","1760173432","101429/2025-11-17/1760173432.json"
"485268","36127","2025-11-18","25.00","AUD","1760173432","101429/2025-11-18/1760173432.json"
"485268","36127","2025-11-19","25.00","AUD","1760173432","101429/2025-11-19/1760173432.json"
"485268","36127","2025-11-20","25.00","AUD","1760173432","101429/2025-11-20/1760173432.json"
"485268","36127","2025-11-21","25.00","AUD","1760173432","101429/2025-11-21/1760173432.json"
"485268","36127","2025-11-22","25.00","AUD","1760173432","101429/2025-11-22/1760173432.json"
"485268","36127","2025-11-24","25.00","AUD","1760173432","101429/2025-11-24/1760173432.json"
"485268","36127","2025-11-23","25.00","AUD","1760173432","101429/2025-11-23/1760173432.json"
"485268","36127","2025-11-25","25.00","AUD","1760173432","101429/2025-11-25/1760173432.json"
"485268","36127","2025-11-26","25.00","AUD","1760173432","101429/2025-11-26/1760173432.json"
"485268","36127","2025-11-27","25.00","AUD","1760173432","101429/2025-11-27/1760173432.json"
"485268","36127","2025-11-28","25.00","AUD","1760173432","101429/2025-11-28/1760173432.json"
"485268","36127","2025-11-29","25.00","AUD","1760173432","101429/2025-11-29/1760173432.json"
"485268","36127","2025-11-30","25.00","AUD","1760173432","101429/2025-11-30/1760173432.json"
"485268","36127","2025-10-14","25.00","AUD","1760189158","101429/2025-10-14/1760189158.json"
"485268","36127","2025-10-13","25.00","AUD","1760189158","101429/2025-10-13/1760189158.json"
"485268","36127","2025-10-12","25.00","AUD","1760189158","101429/2025-10-12/1760189158.json"
"485268","36127","2025-10-15","25.00","AUD","1760189158","101429/2025-10-15/1760189158.json"
"485268","36127","2025-10-17","25.00","AUD","1760189158","101429/2025-10-17/1760189158.json"
"485268","36127","2025-10-16","25.00","AUD","1760189158","101429/2025-10-16/1760189158.json"
"485268","36127","2025-10-18","25.00","AUD","1760189158","101429/2025-10-18/1760189158.json"
"485268","36127","2025-10-19","25.00","AUD","1760189158","101429/2025-10-19/1760189158.json"
"485268","36127","2025-10-21","25.00","AUD","1760189158","101429/2025-10-21/1760189158.json"
"485268","36127","2025-10-20","25.00","AUD","1760189158","101429/2025-10-20/1760189158.json"
"485268","36127","2025-10-23","25.00","AUD","1760189158","101429/2025-10-23/1760189158.json"
"485268","36127","2025-10-24","25.00","AUD","1760189158","101429/2025-10-24/1760189158.json"
"485268","36127","2025-10-22","25.00","AUD","1760189158","101429/2025-10-22/1760189158.json"
"485268","36127","2025-10-25","25.00","AUD","1760189158","101429/2025-10-25/1760189158.json"
"485268","36127","2025-10-27","25.00","AUD","1760189158","101429/2025-10-27/1760189158.json"
"485268","36127","2025-10-26","25.00","AUD","1760189158","101429/2025-10-26/1760189158.json"
"485268","36127","2025-10-28","25.00","AUD","1760189158","101429/2025-10-28/1760189158.json"
"485268","36127","2025-10-31","25.00","AUD","1760189158","101429/2025-10-31/1760189158.json"
"485268","36127","2025-11-01","25.00","AUD","1760189158","101429/2025-11-01/1760189158.json"
"485268","36127","2025-10-30","25.00","AUD","1760189158","101429/2025-10-30/1760189158.json"
"485268","36127","2025-10-29","25.00","AUD","1760189158","101429/2025-10-29/1760189158.json"
"485268","36127","2025-11-02","25.00","AUD","1760189158","101429/2025-11-02/1760189158.json"
"485268","36127","2025-11-03","25.00","AUD","1760189158","101429/2025-11-03/1760189158.json"
"485268","36127","2025-11-04","25.00","AUD","1760189158","101429/2025-11-04/1760189158.json"
"485268","36127","2025-11-06","25.00","AUD","1760189158","101429/2025-11-06/1760189158.json"
"485268","36127","2025-11-05","25.00","AUD","1760189158","101429/2025-11-05/1760189158.json"
"485268","36127","2025-11-12","25.00","AUD","1760189158","101429/2025-11-12/1760189158.json"
"485268","36127","2025-11-11","25.00","AUD","1760189158","101429/2025-11-11/1760189158.json"
"485268","36127","2025-11-13","25.00","AUD","1760189158","101429/2025-11-13/1760189158.json"
"485268","36127","2025-11-14","25.00","AUD","1760189158","101429/2025-11-14/1760189158.json"
"485268","36127","2025-11-15","25.00","AUD","1760189158","101429/2025-11-15/1760189158.json"
"485268","36127","2025-11-16","25.00","AUD","1760189158","101429/2025-11-16/1760189158.json"
"485268","36127","2025-11-18","25.00","AUD","1760189158","101429/2025-11-18/1760189158.json"
"485268","36127","2025-11-17","25.00","AUD","1760189158","101429/2025-11-17/1760189158.json"
"485268","36127","2025-11-19","25.00","AUD","1760189158","101429/2025-11-19/1760189158.json"
"485268","36127","2025-11-20","25.00","AUD","1760189158","101429/2025-11-20/1760189158.json"
"485268","36127","2025-11-23","25.00","AUD","1760189158","101429/2025-11-23/1760189158.json"
"485268","36127","2025-11-21","25.00","AUD","1760189158","101429/2025-11-21/1760189158.json"
"485268","36127","2025-11-22","25.00","AUD","1760189158","101429/2025-11-22/1760189158.json"
"485268","36127","2025-11-24","25.00","AUD","1760189158","101429/2025-11-24/1760189158.json"
"485268","36127","2025-11-25","25.00","AUD","1760189158","101429/2025-11-25/1760189158.json"
"485268","36127","2025-11-26","25.00","AUD","1760189158","101429/2025-11-26/1760189158.json"
"485268","36127","2025-11-27","25.00","AUD","1760189158","101429/2025-11-27/1760189158.json"
"485268","36127","2025-11-28","25.00","AUD","1760189158","101429/2025-11-28/1760189158.json"
"485268","36127","2025-11-29","25.00","AUD","1760189158","101429/2025-11-29/1760189158.json"
"485268","36127","2025-11-30","25.00","AUD","1760189158","101429/2025-11-30/1760189158.json"
"485268","36127","2025-10-14","25.00","AUD","1760201917","101429/2025-10-14/1760201917.json"
"485268","36127","2025-10-12","25.00","AUD","1760201917","101429/2025-10-12/1760201917.json"
"485268","36127","2025-10-13","25.00","AUD","1760201917","101429/2025-10-13/1760201917.json"
"485268","36127","2025-10-15","25.00","AUD","1760201917","101429/2025-10-15/1760201917.json"
"485268","36127","2025-10-16","25.00","AUD","1760201917","101429/2025-10-16/1760201917.json"
"485268","36127","2025-10-17","25.00","AUD","1760201917","101429/2025-10-17/1760201917.json"
"485268","36127","2025-10-18","25.00","AUD","1760201917","101429/2025-10-18/1760201917.json"
"485268","36127","2025-10-19","25.00","AUD","1760201917","101429/2025-10-19/1760201917.json"
"485268","36127","2025-10-20","25.00","AUD","1760201917","101429/2025-10-20/1760201917.json"
"485268","36127","2025-10-22","25.00","AUD","1760201917","101429/2025-10-22/1760201917.json"
"485268","36127","2025-10-21","25.00","AUD","1760201917","101429/2025-10-21/1760201917.json"
"485268","36127","2025-10-23","25.00","AUD","1760201917","101429/2025-10-23/1760201917.json"
"485268","36127","2025-10-24","25.00","AUD","1760201917","101429/2025-10-24/1760201917.json"
"485268","36127","2025-10-26","25.00","AUD","1760201917","101429/2025-10-26/1760201917.json"
"485268","36127","2025-10-25","25.00","AUD","1760201917","101429/2025-10-25/1760201917.json"
"485268","36127","2025-10-27","25.00","AUD","1760201917","101429/2025-10-27/1760201917.json"
"485268","36127","2025-10-29","25.00","AUD","1760201917","101429/2025-10-29/1760201917.json"
"485268","36127","2025-10-28","25.00","AUD","1760201917","101429/2025-10-28/1760201917.json"
"485268","36127","2025-10-31","25.00","AUD","1760201917","101429/2025-10-31/1760201917.json"
"485268","36127","2025-10-30","25.00","AUD","1760201917","101429/2025-10-30/1760201917.json"
"485268","36127","2025-11-02","25.00","AUD","1760201917","101429/2025-11-02/1760201917.json"
"485268","36127","2025-11-01","25.00","AUD","1760201917","101429/2025-11-01/1760201917.json"
"485268","36127","2025-11-04","25.00","AUD","1760201917","101429/2025-11-04/1760201917.json"
"485268","36127","2025-11-03","25.00","AUD","1760201917","101429/2025-11-03/1760201917.json"
"485268","36127","2025-11-05","25.00","AUD","1760201917","101429/2025-11-05/1760201917.json"
"485268","36127","2025-11-06","25.00","AUD","1760201917","101429/2025-11-06/1760201917.json"
"485268","36127","2025-11-11","25.00","AUD","1760201917","101429/2025-11-11/1760201917.json"
"485268","36127","2025-11-12","25.00","AUD","1760201917","101429/2025-11-12/1760201917.json"
"485268","36127","2025-11-13","25.00","AUD","1760201917","101429/2025-11-13/1760201917.json"
"485268","36127","2025-11-15","25.00","AUD","1760201917","101429/2025-11-15/1760201917.json"
"485268","36127","2025-11-14","25.00","AUD","1760201917","101429/2025-11-14/1760201917.json"
"485268","36127","2025-11-16","25.00","AUD","1760201917","101429/2025-11-16/1760201917.json"
"485268","36127","2025-11-17","25.00","AUD","1760201917","101429/2025-11-17/1760201917.json"
"485268","36127","2025-11-19","25.00","AUD","1760201917","101429/2025-11-19/1760201917.json"
"485268","36127","2025-11-18","25.00","AUD","1760201917","101429/2025-11-18/1760201917.json"
"485268","36127","2025-11-21","25.00","AUD","1760201917","101429/2025-11-21/1760201917.json"
"485268","36127","2025-11-20","25.00","AUD","1760201917","101429/2025-11-20/1760201917.json"
"485268","36127","2025-11-22","25.00","AUD","1760201917","101429/2025-11-22/1760201917.json"
"485268","36127","2025-11-23","25.00","AUD","1760201917","101429/2025-11-23/1760201917.json"
"485268","36127","2025-11-25","25.00","AUD","1760201917","101429/2025-11-25/1760201917.json"
"485268","36127","2025-11-24","25.00","AUD","1760201917","101429/2025-11-24/1760201917.json"
"485268","36127","2025-11-26","25.00","AUD","1760201917","101429/2025-11-26/1760201917.json"
"485268","36127","2025-11-27","25.00","AUD","1760201917","101429/2025-11-27/1760201917.json"
"485268","36127","2025-11-28","25.00","AUD","1760201917","101429/2025-11-28/1760201917.json"
"485268","36127","2025-11-29","25.00","AUD","1760201917","101429/2025-11-29/1760201917.json"
"485268","36127","2025-11-30","25.00","AUD","1760201917","101429/2025-11-30/1760201917.json"
"485268","36127","2025-10-14","25.00","AUD","1760215908","101429/2025-10-14/1760215908.json"
"485268","36127","2025-10-12","25.00","AUD","1760215908","101429/2025-10-12/1760215908.json"
"485268","36127","2025-10-13","25.00","AUD","1760215908","101429/2025-10-13/1760215908.json"
"485268","36127","2025-10-15","25.00","AUD","1760215908","101429/2025-10-15/1760215908.json"
"485268","36127","2025-10-17","25.00","AUD","1760215908","101429/2025-10-17/1760215908.json"
"485268","36127","2025-10-16","25.00","AUD","1760215908","101429/2025-10-16/1760215908.json"
"485268","36127","2025-10-19","25.00","AUD","1760215908","101429/2025-10-19/1760215908.json"
"485268","36127","2025-10-20","25.00","AUD","1760215908","101429/2025-10-20/1760215908.json"
"485268","36127","2025-10-18","25.00","AUD","1760215908","101429/2025-10-18/1760215908.json"
"485268","36127","2025-10-21","25.00","AUD","1760215908","101429/2025-10-21/1760215908.json"
"485268","36127","2025-10-22","25.00","AUD","1760215908","101429/2025-10-22/1760215908.json"
"485268","36127","2025-10-24","25.00","AUD","1760215908","101429/2025-10-24/1760215908.json"
"485268","36127","2025-10-23","25.00","AUD","1760215908","101429/2025-10-23/1760215908.json"
"485268","36127","2025-10-25","25.00","AUD","1760215908","101429/2025-10-25/1760215908.json"
"485268","36127","2025-10-26","25.00","AUD","1760215908","101429/2025-10-26/1760215908.json"
"485268","36127","2025-10-28","25.00","AUD","1760215908","101429/2025-10-28/1760215908.json"
"485268","36127","2025-10-27","25.00","AUD","1760215908","101429/2025-10-27/1760215908.json"
"485268","36127","2025-11-01","25.00","AUD","1760215908","101429/2025-11-01/1760215908.json"
"485268","36127","2025-10-31","25.00","AUD","1760215908","101429/2025-10-31/1760215908.json"
"485268","36127","2025-10-29","25.00","AUD","1760215908","101429/2025-10-29/1760215908.json"
"485268","36127","2025-10-30","25.00","AUD","1760215908","101429/2025-10-30/1760215908.json"
"485268","36127","2025-11-05","25.00","AUD","1760215908","101429/2025-11-05/1760215908.json"
"485268","36127","2025-11-04","25.00","AUD","1760215908","101429/2025-11-04/1760215908.json"
"485268","36127","2025-11-03","25.00","AUD","1760215908","101429/2025-11-03/1760215908.json"
"485268","36127","2025-11-02","25.00","AUD","1760215908","101429/2025-11-02/1760215908.json"
"485268","36127","2025-11-06","25.00","AUD","1760215908","101429/2025-11-06/1760215908.json"
"485268","36127","2025-11-11","25.00","AUD","1760215908","101429/2025-11-11/1760215908.json"
"485268","36127","2025-11-12","25.00","AUD","1760215908","101429/2025-11-12/1760215908.json"
"485268","36127","2025-11-13","25.00","AUD","1760215908","101429/2025-11-13/1760215908.json"
"485268","36127","2025-11-14","25.00","AUD","1760215908","101429/2025-11-14/1760215908.json"
"485268","36127","2025-11-15","25.00","AUD","1760215908","101429/2025-11-15/1760215908.json"
"485268","36127","2025-11-16","25.00","AUD","1760215908","101429/2025-11-16/1760215908.json"
"485268","36127","2025-11-19","25.00","AUD","1760215908","101429/2025-11-19/1760215908.json"
"485268","36127","2025-11-20","25.00","AUD","1760215908","101429/2025-11-20/1760215908.json"
"485268","36127","2025-11-18","25.00","AUD","1760215908","101429/2025-11-18/1760215908.json"
"485268","36127","2025-11-17","25.00","AUD","1760215908","101429/2025-11-17/1760215908.json"
"485268","36127","2025-11-22","25.00","AUD","1760215908","101429/2025-11-22/1760215908.json"
"485268","36127","2025-11-21","25.00","AUD","1760215908","101429/2025-11-21/1760215908.json"
"485268","36127","2025-11-23","25.00","AUD","1760215908","101429/2025-11-23/1760215908.json"
"485268","36127","2025-11-24","25.00","AUD","1760215908","101429/2025-11-24/1760215908.json"
"485268","36127","2025-11-26","25.00","AUD","1760215908","101429/2025-11-26/1760215908.json"
"485268","36127","2025-11-25","25.00","AUD","1760215908","101429/2025-11-25/1760215908.json"
"485268","36127","2025-11-28","25.00","AUD","1760215908","101429/2025-11-28/1760215908.json"
"485268","36127","2025-11-29","25.00","AUD","1760215908","101429/2025-11-29/1760215908.json"
"485268","36127","2025-11-30","25.00","AUD","1760215908","101429/2025-11-30/1760215908.json"
"485268","36127","2025-11-27","25.00","AUD","1760215908","101429/2025-11-27/1760215908.json"
"485268","36127","2025-10-12","25.00","AUD","1760239946","101429/2025-10-12/1760239946.json"
"485268","36127","2025-10-15","25.00","AUD","1760239946","101429/2025-10-15/1760239946.json"
"485268","36127","2025-10-14","25.00","AUD","1760239946","101429/2025-10-14/1760239946.json"
"485268","36127","2025-10-13","25.00","AUD","1760239946","101429/2025-10-13/1760239946.json"
"485268","36127","2025-10-17","25.00","AUD","1760239946","101429/2025-10-17/1760239946.json"
"485268","36127","2025-10-16","25.00","AUD","1760239946","101429/2025-10-16/1760239946.json"
"485268","36127","2025-10-19","25.00","AUD","1760239946","101429/2025-10-19/1760239946.json"
"485268","36127","2025-10-18","25.00","AUD","1760239946","101429/2025-10-18/1760239946.json"
"485268","36127","2025-10-20","25.00","AUD","1760239946","101429/2025-10-20/1760239946.json"
"485268","36127","2025-10-22","25.00","AUD","1760239946","101429/2025-10-22/1760239946.json"
"485268","36127","2025-10-23","25.00","AUD","1760239946","101429/2025-10-23/1760239946.json"
"485268","36127","2025-10-21","25.00","AUD","1760239946","101429/2025-10-21/1760239946.json"
"485268","36127","2025-10-24","25.00","AUD","1760239946","101429/2025-10-24/1760239946.json"
"485268","36127","2025-10-25","25.00","AUD","1760239946","101429/2025-10-25/1760239946.json"
"485268","36127","2025-10-27","25.00","AUD","1760239946","101429/2025-10-27/1760239946.json"
"485268","36127","2025-10-26","25.00","AUD","1760239946","101429/2025-10-26/1760239946.json"
"485268","36127","2025-10-28","25.00","AUD","1760239946","101429/2025-10-28/1760239946.json"
"485268","36127","2025-10-29","25.00","AUD","1760239946","101429/2025-10-29/1760239946.json"
"485268","36127","2025-10-30","25.00","AUD","1760239946","101429/2025-10-30/1760239946.json"
"485268","36127","2025-11-02","25.00","AUD","1760239946","101429/2025-11-02/1760239946.json"
"485268","36127","2025-11-03","25.00","AUD","1760239946","101429/2025-11-03/1760239946.json"
"485268","36127","2025-10-31","25.00","AUD","1760239946","101429/2025-10-31/1760239946.json"
"485268","36127","2025-11-01","25.00","AUD","1760239946","101429/2025-11-01/1760239946.json"
"485268","36127","2025-11-04","25.00","AUD","1760239946","101429/2025-11-04/1760239946.json"
"485268","36127","2025-11-05","25.00","AUD","1760239946","101429/2025-11-05/1760239946.json"
"485268","36127","2025-11-06","25.00","AUD","1760239946","101429/2025-11-06/1760239946.json"
"485268","36127","2025-11-11","25.00","AUD","1760239946","101429/2025-11-11/1760239946.json"
"485268","36127","2025-11-12","25.00","AUD","1760239946","101429/2025-11-12/1760239946.json"
"485268","36127","2025-11-13","25.00","AUD","1760239946","101429/2025-11-13/1760239946.json"
"485268","36127","2025-11-14","25.00","AUD","1760239946","101429/2025-11-14/1760239946.json"
"485268","36127","2025-11-15","25.00","AUD","1760239946","101429/2025-11-15/1760239946.json"
"485268","36127","2025-11-17","25.00","AUD","1760239946","101429/2025-11-17/1760239946.json"
"485268","36127","2025-11-16","25.00","AUD","1760239946","101429/2025-11-16/1760239946.json"
"485268","36127","2025-11-18","25.00","AUD","1760239946","101429/2025-11-18/1760239946.json"
"485268","36127","2025-11-19","25.00","AUD","1760239946","101429/2025-11-19/1760239946.json"
"485268","36127","2025-11-20","25.00","AUD","1760239946","101429/2025-11-20/1760239946.json"
"485268","36127","2025-11-21","25.00","AUD","1760239946","101429/2025-11-21/1760239946.json"
"485268","36127","2025-11-23","25.00","AUD","1760239946","101429/2025-11-23/1760239946.json"
"485268","36127","2025-11-22","25.00","AUD","1760239946","101429/2025-11-22/1760239946.json"
"485268","36127","2025-11-24","25.00","AUD","1760239946","101429/2025-11-24/1760239946.json"
"485268","36127","2025-11-25","25.00","AUD","1760239946","101429/2025-11-25/1760239946.json"
"485268","36127","2025-11-27","25.00","AUD","1760239946","101429/2025-11-27/1760239946.json"
"485268","36127","2025-11-26","25.00","AUD","1760239946","101429/2025-11-26/1760239946.json"
"485268","36127","2025-11-28","25.00","AUD","1760239946","101429/2025-11-28/1760239946.json"
"485268","36127","2025-11-29","25.00","AUD","1760239946","101429/2025-11-29/1760239946.json"
"485268","36127","2025-11-30","25.00","AUD","1760239946","101429/2025-11-30/1760239946.json"
"485268","36127","2025-10-13","25.00","AUD","1760245028","101429/2025-10-13/1760245028.json"
"485268","36127","2025-10-14","25.00","AUD","1760245028","101429/2025-10-14/1760245028.json"
"485268","36127","2025-10-12","25.00","AUD","1760245028","101429/2025-10-12/1760245028.json"
"485268","36127","2025-10-15","25.00","AUD","1760245028","101429/2025-10-15/1760245028.json"
"485268","36127","2025-10-19","25.00","AUD","1760245028","101429/2025-10-19/1760245028.json"
"485268","36127","2025-10-18","25.00","AUD","1760245028","101429/2025-10-18/1760245028.json"
"485268","36127","2025-10-17","25.00","AUD","1760245028","101429/2025-10-17/1760245028.json"
"485268","36127","2025-10-16","25.00","AUD","1760245028","101429/2025-10-16/1760245028.json"
"485268","36127","2025-10-20","25.00","AUD","1760245028","101429/2025-10-20/1760245028.json"
"485268","36127","2025-10-23","25.00","AUD","1760245028","101429/2025-10-23/1760245028.json"
"485268","36127","2025-10-22","25.00","AUD","1760245028","101429/2025-10-22/1760245028.json"
"485268","36127","2025-10-21","25.00","AUD","1760245028","101429/2025-10-21/1760245028.json"
"485268","36127","2025-10-24","25.00","AUD","1760245028","101429/2025-10-24/1760245028.json"
"485268","36127","2025-10-25","25.00","AUD","1760245028","101429/2025-10-25/1760245028.json"
"485268","36127","2025-10-27","25.00","AUD","1760245028","101429/2025-10-27/1760245028.json"
"485268","36127","2025-10-26","25.00","AUD","1760245028","101429/2025-10-26/1760245028.json"
"485268","36127","2025-10-29","25.00","AUD","1760245028","101429/2025-10-29/1760245028.json"
"485268","36127","2025-10-30","25.00","AUD","1760245028","101429/2025-10-30/1760245028.json"
"485268","36127","2025-10-31","25.00","AUD","1760245028","101429/2025-10-31/1760245028.json"
"485268","36127","2025-11-01","25.00","AUD","1760245028","101429/2025-11-01/1760245028.json"
"485268","36127","2025-11-02","25.00","AUD","1760245028","101429/2025-11-02/1760245028.json"
"485268","36127","2025-11-03","25.00","AUD","1760245028","101429/2025-11-03/1760245028.json"
"485268","36127","2025-10-28","25.00","AUD","1760245028","101429/2025-10-28/1760245028.json"
"485268","36127","2025-11-04","25.00","AUD","1760245028","101429/2025-11-04/1760245028.json"
"485268","36127","2025-11-05","25.00","AUD","1760245028","101429/2025-11-05/1760245028.json"
"485268","36127","2025-11-06","25.00","AUD","1760245028","101429/2025-11-06/1760245028.json"
"485268","36127","2025-11-11","25.00","AUD","1760245028","101429/2025-11-11/1760245028.json"
"485268","36127","2025-11-12","25.00","AUD","1760245028","101429/2025-11-12/1760245028.json"
"485268","36127","2025-11-14","25.00","AUD","1760245028","101429/2025-11-14/1760245028.json"
"485268","36127","2025-11-13","25.00","AUD","1760245028","101429/2025-11-13/1760245028.json"
"485268","36127","2025-11-15","25.00","AUD","1760245028","101429/2025-11-15/1760245028.json"
"485268","36127","2025-11-16","25.00","AUD","1760245028","101429/2025-11-16/1760245028.json"
"485268","36127","2025-11-17","25.00","AUD","1760245028","101429/2025-11-17/1760245028.json"
"485268","36127","2025-11-18","25.00","AUD","1760245028","101429/2025-11-18/1760245028.json"
"485268","36127","2025-11-19","25.00","AUD","1760245028","101429/2025-11-19/1760245028.json"
"485268","36127","2025-11-20","25.00","AUD","1760245028","101429/2025-11-20/1760245028.json"
"485268","36127","2025-11-21","25.00","AUD","1760245028","101429/2025-11-21/1760245028.json"
"485268","36127","2025-11-22","25.00","AUD","1760245028","101429/2025-11-22/1760245028.json"
"485268","36127","2025-11-23","25.00","AUD","1760245028","101429/2025-11-23/1760245028.json"
"485268","36127","2025-11-24","25.00","AUD","1760245028","101429/2025-11-24/1760245028.json"
"485268","36127","2025-11-25","25.00","AUD","1760245028","101429/2025-11-25/1760245028.json"
"485268","36127","2025-11-26","25.00","AUD","1760245028","101429/2025-11-26/1760245028.json"
"485268","36127","2025-11-29","25.00","AUD","1760245028","101429/2025-11-29/1760245028.json"
"485268","36127","2025-11-28","25.00","AUD","1760245028","101429/2025-11-28/1760245028.json"
"485268","36127","2025-11-30","25.00","AUD","1760245028","101429/2025-11-30/1760245028.json"
"485268","36127","2025-11-27","25.00","AUD","1760245028","101429/2025-11-27/1760245028.json"
"485268","36127","2025-10-14","25.00","AUD","1760259686","101429/2025-10-14/1760259686.json"
"485268","36127","2025-10-13","25.00","AUD","1760259686","101429/2025-10-13/1760259686.json"
"485268","36127","2025-10-15","25.00","AUD","1760259686","101429/2025-10-15/1760259686.json"
"485268","36127","2025-10-18","25.00","AUD","1760259686","101429/2025-10-18/1760259686.json"
"485268","36127","2025-10-16","25.00","AUD","1760259686","101429/2025-10-16/1760259686.json"
"485268","36127","2025-10-17","25.00","AUD","1760259686","101429/2025-10-17/1760259686.json"
"485268","36127","2025-10-19","25.00","AUD","1760259686","101429/2025-10-19/1760259686.json"
"485268","36127","2025-10-21","25.00","AUD","1760259686","101429/2025-10-21/1760259686.json"
"485268","36127","2025-10-20","25.00","AUD","1760259686","101429/2025-10-20/1760259686.json"
"485268","36127","2025-10-23","25.00","AUD","1760259686","101429/2025-10-23/1760259686.json"
"485268","36127","2025-10-22","25.00","AUD","1760259686","101429/2025-10-22/1760259686.json"
"485268","36127","2025-10-25","25.00","AUD","1760259686","101429/2025-10-25/1760259686.json"
"485268","36127","2025-10-26","25.00","AUD","1760259686","101429/2025-10-26/1760259686.json"
"485268","36127","2025-10-24","25.00","AUD","1760259686","101429/2025-10-24/1760259686.json"
"485268","36127","2025-10-27","25.00","AUD","1760259686","101429/2025-10-27/1760259686.json"
"485268","36127","2025-10-28","25.00","AUD","1760259686","101429/2025-10-28/1760259686.json"
"485268","36127","2025-10-29","25.00","AUD","1760259686","101429/2025-10-29/1760259686.json"
"485268","36127","2025-10-30","25.00","AUD","1760259686","101429/2025-10-30/1760259686.json"
"485268","36127","2025-11-01","25.00","AUD","1760259686","101429/2025-11-01/1760259686.json"
"485268","36127","2025-11-02","25.00","AUD","1760259686","101429/2025-11-02/1760259686.json"
"485268","36127","2025-11-03","25.00","AUD","1760259686","101429/2025-11-03/1760259686.json"
"485268","36127","2025-10-31","25.00","AUD","1760259686","101429/2025-10-31/1760259686.json"
"485268","36127","2025-11-04","25.00","AUD","1760259686","101429/2025-11-04/1760259686.json"
"485268","36127","2025-11-05","25.00","AUD","1760259686","101429/2025-11-05/1760259686.json"
"485268","36127","2025-11-06","25.00","AUD","1760259686","101429/2025-11-06/1760259686.json"
"485268","36127","2025-11-11","25.00","AUD","1760259686","101429/2025-11-11/1760259686.json"
"485268","36127","2025-11-12","25.00","AUD","1760259686","101429/2025-11-12/1760259686.json"
"485268","36127","2025-11-14","25.00","AUD","1760259686","101429/2025-11-14/1760259686.json"
"485268","36127","2025-11-15","25.00","AUD","1760259686","101429/2025-11-15/1760259686.json"
"485268","36127","2025-11-13","25.00","AUD","1760259686","101429/2025-11-13/1760259686.json"
"485268","36127","2025-11-16","25.00","AUD","1760259686","101429/2025-11-16/1760259686.json"
"485268","36127","2025-11-17","25.00","AUD","1760259686","101429/2025-11-17/1760259686.json"
"485268","36127","2025-11-18","25.00","AUD","1760259686","101429/2025-11-18/1760259686.json"
"485268","36127","2025-11-20","25.00","AUD","1760259686","101429/2025-11-20/1760259686.json"
"485268","36127","2025-11-19","25.00","AUD","1760259686","101429/2025-11-19/1760259686.json"
"485268","36127","2025-11-21","25.00","AUD","1760259686","101429/2025-11-21/1760259686.json"
"485268","36127","2025-11-23","25.00","AUD","1760259686","101429/2025-11-23/1760259686.json"
"485268","36127","2025-11-24","25.00","AUD","1760259686","101429/2025-11-24/1760259686.json"
"485268","36127","2025-11-22","25.00","AUD","1760259686","101429/2025-11-22/1760259686.json"
"485268","36127","2025-11-25","25.00","AUD","1760259686","101429/2025-11-25/1760259686.json"
"485268","36127","2025-11-27","25.00","AUD","1760259686","101429/2025-11-27/1760259686.json"
"485268","36127","2025-11-28","25.00","AUD","1760259686","101429/2025-11-28/1760259686.json"
"485268","36127","2025-11-29","25.00","AUD","1760259686","101429/2025-11-29/1760259686.json"
"485268","36127","2025-11-26","25.00","AUD","1760259686","101429/2025-11-26/1760259686.json"
"485268","36127","2025-11-30","25.00","AUD","1760259686","101429/2025-11-30/1760259686.json"
"485268","36127","2025-10-13","25.00","AUD","1760275676","101429/2025-10-13/1760275676.json"
"485268","36127","2025-10-14","25.00","AUD","1760275676","101429/2025-10-14/1760275676.json"
"485268","36127","2025-10-15","25.00","AUD","1760275676","101429/2025-10-15/1760275676.json"
"485268","36127","2025-10-16","25.00","AUD","1760275676","101429/2025-10-16/1760275676.json"
"485268","36127","2025-10-18","25.00","AUD","1760275676","101429/2025-10-18/1760275676.json"
"485268","36127","2025-10-17","25.00","AUD","1760275676","101429/2025-10-17/1760275676.json"
"485268","36127","2025-10-19","25.00","AUD","1760275676","101429/2025-10-19/1760275676.json"
"485268","36127","2025-10-20","25.00","AUD","1760275676","101429/2025-10-20/1760275676.json"
"485268","36127","2025-10-21","25.00","AUD","1760275676","101429/2025-10-21/1760275676.json"
"485268","36127","2025-10-23","25.00","AUD","1760275676","101429/2025-10-23/1760275676.json"
"485268","36127","2025-10-22","25.00","AUD","1760275676","101429/2025-10-22/1760275676.json"
"485268","36127","2025-10-24","25.00","AUD","1760275676","101429/2025-10-24/1760275676.json"
"485268","36127","2025-10-25","25.00","AUD","1760275676","101429/2025-10-25/1760275676.json"
"485268","36127","2025-10-26","25.00","AUD","1760275676","101429/2025-10-26/1760275676.json"
"485268","36127","2025-10-27","25.00","AUD","1760275676","101429/2025-10-27/1760275676.json"
"485268","36127","2025-10-28","25.00","AUD","1760275676","101429/2025-10-28/1760275676.json"
"485268","36127","2025-10-29","25.00","AUD","1760275676","101429/2025-10-29/1760275676.json"
"485268","36127","2025-10-30","25.00","AUD","1760275676","101429/2025-10-30/1760275676.json"
"485268","36127","2025-10-31","25.00","AUD","1760275676","101429/2025-10-31/1760275676.json"
"485268","36127","2025-11-01","25.00","AUD","1760275676","101429/2025-11-01/1760275676.json"
"485268","36127","2025-11-02","25.00","AUD","1760275676","101429/2025-11-02/1760275676.json"
"485268","36127","2025-11-03","25.00","AUD","1760275676","101429/2025-11-03/1760275676.json"
"485268","36127","2025-11-04","25.00","AUD","1760275676","101429/2025-11-04/1760275676.json"
"485268","36127","2025-11-05","25.00","AUD","1760275676","101429/2025-11-05/1760275676.json"
"485268","36127","2025-11-06","25.00","AUD","1760275676","101429/2025-11-06/1760275676.json"
"485268","36127","2025-11-11","25.00","AUD","1760275676","101429/2025-11-11/1760275676.json"
"485268","36127","2025-11-14","25.00","AUD","1760275676","101429/2025-11-14/1760275676.json"
"485268","36127","2025-11-12","25.00","AUD","1760275676","101429/2025-11-12/1760275676.json"
"485268","36127","2025-11-13","25.00","AUD","1760275676","101429/2025-11-13/1760275676.json"
"485268","36127","2025-11-16","25.00","AUD","1760275676","101429/2025-11-16/1760275676.json"
"485268","36127","2025-11-15","25.00","AUD","1760275676","101429/2025-11-15/1760275676.json"
"485268","36127","2025-11-17","25.00","AUD","1760275676","101429/2025-11-17/1760275676.json"
"485268","36127","2025-11-18","25.00","AUD","1760275676","101429/2025-11-18/1760275676.json"
"485268","36127","2025-11-21","25.00","AUD","1760275676","101429/2025-11-21/1760275676.json"
"485268","36127","2025-11-20","25.00","AUD","1760275676","101429/2025-11-20/1760275676.json"
"485268","36127","2025-11-22","25.00","AUD","1760275676","101429/2025-11-22/1760275676.json"
"485268","36127","2025-11-19","25.00","AUD","1760275676","101429/2025-11-19/1760275676.json"
"485268","36127","2025-11-23","25.00","AUD","1760275676","101429/2025-11-23/1760275676.json"
"485268","36127","2025-11-24","25.00","AUD","1760275676","101429/2025-11-24/1760275676.json"
"485268","36127","2025-11-26","25.00","AUD","1760275676","101429/2025-11-26/1760275676.json"
"485268","36127","2025-11-27","25.00","AUD","1760275676","101429/2025-11-27/1760275676.json"
"485268","36127","2025-11-28","25.00","AUD","1760275676","101429/2025-11-28/1760275676.json"
"485268","36127","2025-11-25","25.00","AUD","1760275676","101429/2025-11-25/1760275676.json"
"485268","36127","2025-11-29","25.00","AUD","1760275676","101429/2025-11-29/1760275676.json"
"485268","36127","2025-11-30","25.00","AUD","1760275676","101429/2025-11-30/1760275676.json"
"485268","36127","2025-10-13","25.00","AUD","1760288615","101429/2025-10-13/1760288615.json"
"485268","36127","2025-10-15","25.00","AUD","1760288615","101429/2025-10-15/1760288615.json"
"485268","36127","2025-10-16","25.00","AUD","1760288615","101429/2025-10-16/1760288615.json"
"485268","36127","2025-10-14","25.00","AUD","1760288615","101429/2025-10-14/1760288615.json"
"485268","36127","2025-10-17","25.00","AUD","1760288615","101429/2025-10-17/1760288615.json"
"485268","36127","2025-10-18","25.00","AUD","1760288615","101429/2025-10-18/1760288615.json"
"485268","36127","2025-10-20","25.00","AUD","1760288615","101429/2025-10-20/1760288615.json"
"485268","36127","2025-10-19","25.00","AUD","1760288615","101429/2025-10-19/1760288615.json"
"485268","36127","2025-10-21","25.00","AUD","1760288615","101429/2025-10-21/1760288615.json"
"485268","36127","2025-10-22","25.00","AUD","1760288615","101429/2025-10-22/1760288615.json"
"485268","36127","2025-10-24","25.00","AUD","1760288615","101429/2025-10-24/1760288615.json"
"485268","36127","2025-10-23","25.00","AUD","1760288615","101429/2025-10-23/1760288615.json"
"485268","36127","2025-10-25","25.00","AUD","1760288615","101429/2025-10-25/1760288615.json"
"485268","36127","2025-10-26","25.00","AUD","1760288615","101429/2025-10-26/1760288615.json"
"485268","36127","2025-10-28","25.00","AUD","1760288615","101429/2025-10-28/1760288615.json"
"485268","36127","2025-10-27","25.00","AUD","1760288615","101429/2025-10-27/1760288615.json"
"485268","36127","2025-10-29","25.00","AUD","1760288615","101429/2025-10-29/1760288615.json"
"485268","36127","2025-11-01","25.00","AUD","1760288615","101429/2025-11-01/1760288615.json"
"485268","36127","2025-10-30","25.00","AUD","1760288615","101429/2025-10-30/1760288615.json"
"485268","36127","2025-10-31","25.00","AUD","1760288615","101429/2025-10-31/1760288615.json"
"485268","36127","2025-11-02","25.00","AUD","1760288615","101429/2025-11-02/1760288615.json"
"485268","36127","2025-11-03","25.00","AUD","1760288615","101429/2025-11-03/1760288615.json"
"485268","36127","2025-11-05","25.00","AUD","1760288615","101429/2025-11-05/1760288615.json"
"485268","36127","2025-11-04","25.00","AUD","1760288615","101429/2025-11-04/1760288615.json"
"485268","36127","2025-11-06","25.00","AUD","1760288615","101429/2025-11-06/1760288615.json"
"485268","36127","2025-11-11","25.00","AUD","1760288615","101429/2025-11-11/1760288615.json"
"485268","36127","2025-11-14","25.00","AUD","1760288615","101429/2025-11-14/1760288615.json"
"485268","36127","2025-11-13","25.00","AUD","1760288615","101429/2025-11-13/1760288615.json"
"485268","36127","2025-11-15","25.00","AUD","1760288615","101429/2025-11-15/1760288615.json"
"485268","36127","2025-11-16","25.00","AUD","1760288615","101429/2025-11-16/1760288615.json"
"485268","36127","2025-11-17","25.00","AUD","1760288615","101429/2025-11-17/1760288615.json"
"485268","36127","2025-11-12","25.00","AUD","1760288615","101429/2025-11-12/1760288615.json"
"485268","36127","2025-11-18","25.00","AUD","1760288615","101429/2025-11-18/1760288615.json"
"485268","36127","2025-11-19","25.00","AUD","1760288615","101429/2025-11-19/1760288615.json"
"485268","36127","2025-11-20","25.00","AUD","1760288615","101429/2025-11-20/1760288615.json"
"485268","36127","2025-11-21","25.00","AUD","1760288615","101429/2025-11-21/1760288615.json"
"485268","36127","2025-11-22","25.00","AUD","1760288615","101429/2025-11-22/1760288615.json"
"485268","36127","2025-11-23","25.00","AUD","1760288615","101429/2025-11-23/1760288615.json"
"485268","36127","2025-11-24","25.00","AUD","1760288615","101429/2025-11-24/1760288615.json"
"485268","36127","2025-11-25","25.00","AUD","1760288615","101429/2025-11-25/1760288615.json"
"485268","36127","2025-11-26","25.00","AUD","1760288615","101429/2025-11-26/1760288615.json"
"485268","36127","2025-11-27","25.00","AUD","1760288615","101429/2025-11-27/1760288615.json"
"485268","36127","2025-11-28","25.00","AUD","1760288615","101429/2025-11-28/1760288615.json"
"485268","36127","2025-11-30","25.00","AUD","1760288615","101429/2025-11-30/1760288615.json"
"485268","36127","2025-11-29","25.00","AUD","1760288615","101429/2025-11-29/1760288615.json"
"485268","36127","2025-10-14","25.00","AUD","1760302415","101429/2025-10-14/1760302415.json"
"485268","36127","2025-10-15","25.00","AUD","1760302415","101429/2025-10-15/1760302415.json"
"485268","36127","2025-10-13","25.00","AUD","1760302415","101429/2025-10-13/1760302415.json"
"485268","36127","2025-10-16","25.00","AUD","1760302415","101429/2025-10-16/1760302415.json"
"485268","36127","2025-10-17","25.00","AUD","1760302415","101429/2025-10-17/1760302415.json"
"485268","36127","2025-10-18","25.00","AUD","1760302415","101429/2025-10-18/1760302415.json"
"485268","36127","2025-10-19","25.00","AUD","1760302415","101429/2025-10-19/1760302415.json"
"485268","36127","2025-10-20","25.00","AUD","1760302415","101429/2025-10-20/1760302415.json"
"485268","36127","2025-10-21","25.00","AUD","1760302415","101429/2025-10-21/1760302415.json"
"485268","36127","2025-10-22","25.00","AUD","1760302415","101429/2025-10-22/1760302415.json"
"485268","36127","2025-10-23","25.00","AUD","1760302415","101429/2025-10-23/1760302415.json"
"485268","36127","2025-10-24","25.00","AUD","1760302415","101429/2025-10-24/1760302415.json"
"485268","36127","2025-10-27","25.00","AUD","1760302415","101429/2025-10-27/1760302415.json"
"485268","36127","2025-10-25","25.00","AUD","1760302415","101429/2025-10-25/1760302415.json"
"485268","36127","2025-10-26","25.00","AUD","1760302415","101429/2025-10-26/1760302415.json"
"485268","36127","2025-10-28","25.00","AUD","1760302415","101429/2025-10-28/1760302415.json"
"485268","36127","2025-10-30","25.00","AUD","1760302415","101429/2025-10-30/1760302415.json"
"485268","36127","2025-10-29","25.00","AUD","1760302415","101429/2025-10-29/1760302415.json"
"485268","36127","2025-10-31","25.00","AUD","1760302415","101429/2025-10-31/1760302415.json"
"485268","36127","2025-11-01","25.00","AUD","1760302415","101429/2025-11-01/1760302415.json"
"485268","36127","2025-11-02","25.00","AUD","1760302415","101429/2025-11-02/1760302415.json"
"485268","36127","2025-11-04","25.00","AUD","1760302415","101429/2025-11-04/1760302415.json"
"485268","36127","2025-11-03","25.00","AUD","1760302415","101429/2025-11-03/1760302415.json"
"485268","36127","2025-11-05","25.00","AUD","1760302415","101429/2025-11-05/1760302415.json"
"485268","36127","2025-11-06","25.00","AUD","1760302415","101429/2025-11-06/1760302415.json"
"485268","36127","2025-11-11","25.00","AUD","1760302415","101429/2025-11-11/1760302415.json"
"485268","36127","2025-11-12","25.00","AUD","1760302415","101429/2025-11-12/1760302415.json"
"485268","36127","2025-11-13","25.00","AUD","1760302415","101429/2025-11-13/1760302415.json"
"485268","36127","2025-11-14","25.00","AUD","1760302415","101429/2025-11-14/1760302415.json"
"485268","36127","2025-11-16","25.00","AUD","1760302415","101429/2025-11-16/1760302415.json"
"485268","36127","2025-11-15","25.00","AUD","1760302415","101429/2025-11-15/1760302415.json"
"485268","36127","2025-11-17","25.00","AUD","1760302415","101429/2025-11-17/1760302415.json"
"485268","36127","2025-11-18","25.00","AUD","1760302415","101429/2025-11-18/1760302415.json"
"485268","36127","2025-11-19","25.00","AUD","1760302415","101429/2025-11-19/1760302415.json"
"485268","36127","2025-11-20","25.00","AUD","1760302415","101429/2025-11-20/1760302415.json"
"485268","36127","2025-11-21","25.00","AUD","1760302415","101429/2025-11-21/1760302415.json"
"485268","36127","2025-11-22","25.00","AUD","1760302415","101429/2025-11-22/1760302415.json"
"485268","36127","2025-11-23","25.00","AUD","1760302415","101429/2025-11-23/1760302415.json"
"485268","36127","2025-11-24","25.00","AUD","1760302415","101429/2025-11-24/1760302415.json"
"485268","36127","2025-11-26","25.00","AUD","1760302415","101429/2025-11-26/1760302415.json"
"485268","36127","2025-11-27","25.00","AUD","1760302415","101429/2025-11-27/1760302415.json"
"485268","36127","2025-11-28","25.00","AUD","1760302415","101429/2025-11-28/1760302415.json"
"485268","36127","2025-11-29","25.00","AUD","1760302415","101429/2025-11-29/1760302415.json"
"485268","36127","2025-11-30","25.00","AUD","1760302415","101429/2025-11-30/1760302415.json"
"485268","36127","2025-11-25","25.00","AUD","1760302415","101429/2025-11-25/1760302415.json"
"485268","36127","2025-10-13","25.00","AUD","1760327542","101429/2025-10-13/1760327542.json"
"485268","36127","2025-10-14","25.00","AUD","1760327542","101429/2025-10-14/1760327542.json"
"485268","36127","2025-10-15","25.00","AUD","1760327542","101429/2025-10-15/1760327542.json"
"485268","36127","2025-10-16","25.00","AUD","1760327542","101429/2025-10-16/1760327542.json"
"485268","36127","2025-10-17","25.00","AUD","1760327542","101429/2025-10-17/1760327542.json"
"485268","36127","2025-10-18","25.00","AUD","1760327542","101429/2025-10-18/1760327542.json"
"485268","36127","2025-10-20","25.00","AUD","1760327542","101429/2025-10-20/1760327542.json"
"485268","36127","2025-10-19","25.00","AUD","1760327542","101429/2025-10-19/1760327542.json"
"485268","36127","2025-10-21","25.00","AUD","1760327542","101429/2025-10-21/1760327542.json"
"485268","36127","2025-10-24","25.00","AUD","1760327542","101429/2025-10-24/1760327542.json"
"485268","36127","2025-10-22","25.00","AUD","1760327542","101429/2025-10-22/1760327542.json"
"485268","36127","2025-10-23","25.00","AUD","1760327542","101429/2025-10-23/1760327542.json"
"485268","36127","2025-10-25","25.00","AUD","1760327542","101429/2025-10-25/1760327542.json"
"485268","36127","2025-10-28","25.00","AUD","1760327542","101429/2025-10-28/1760327542.json"
"485268","36127","2025-10-26","25.00","AUD","1760327542","101429/2025-10-26/1760327542.json"
"485268","36127","2025-10-27","25.00","AUD","1760327542","101429/2025-10-27/1760327542.json"
"485268","36127","2025-10-29","25.00","AUD","1760327542","101429/2025-10-29/1760327542.json"
"485268","36127","2025-10-30","25.00","AUD","1760327542","101429/2025-10-30/1760327542.json"
"485268","36127","2025-10-31","25.00","AUD","1760327542","101429/2025-10-31/1760327542.json"
"485268","36127","2025-11-01","25.00","AUD","1760327542","101429/2025-11-01/1760327542.json"
"485268","36127","2025-11-02","25.00","AUD","1760327542","101429/2025-11-02/1760327542.json"
"485268","36127","2025-11-04","25.00","AUD","1760327542","101429/2025-11-04/1760327542.json"
"485268","36127","2025-11-05","25.00","AUD","1760327542","101429/2025-11-05/1760327542.json"
"485268","36127","2025-11-03","25.00","AUD","1760327542","101429/2025-11-03/1760327542.json"
"485268","36127","2025-11-06","25.00","AUD","1760327542","101429/2025-11-06/1760327542.json"
"485268","36127","2025-11-11","25.00","AUD","1760327542","101429/2025-11-11/1760327542.json"
"485268","36127","2025-11-12","25.00","AUD","1760327542","101429/2025-11-12/1760327542.json"
"485268","36127","2025-11-13","25.00","AUD","1760327542","101429/2025-11-13/1760327542.json"
"485268","36127","2025-11-15","25.00","AUD","1760327542","101429/2025-11-15/1760327542.json"
"485268","36127","2025-11-14","25.00","AUD","1760327542","101429/2025-11-14/1760327542.json"
"485268","36127","2025-11-16","25.00","AUD","1760327542","101429/2025-11-16/1760327542.json"
"485268","36127","2025-11-17","25.00","AUD","1760327542","101429/2025-11-17/1760327542.json"
"485268","36127","2025-11-19","25.00","AUD","1760327542","101429/2025-11-19/1760327542.json"
"485268","36127","2025-11-21","25.00","AUD","1760327542","101429/2025-11-21/1760327542.json"
"485268","36127","2025-11-23","25.00","AUD","1760327542","101429/2025-11-23/1760327542.json"
"485268","36127","2025-11-18","25.00","AUD","1760327542","101429/2025-11-18/1760327542.json"
"485268","36127","2025-11-22","25.00","AUD","1760327542","101429/2025-11-22/1760327542.json"
"485268","36127","2025-11-20","25.00","AUD","1760327542","101429/2025-11-20/1760327542.json"
"485268","36127","2025-11-25","25.00","AUD","1760327542","101429/2025-11-25/1760327542.json"
"485268","36127","2025-11-27","25.00","AUD","1760327542","101429/2025-11-27/1760327542.json"
"485268","36127","2025-11-24","25.00","AUD","1760327542","101429/2025-11-24/1760327542.json"
"485268","36127","2025-11-26","25.00","AUD","1760327542","101429/2025-11-26/1760327542.json"
"485268","36127","2025-11-28","25.00","AUD","1760327542","101429/2025-11-28/1760327542.json"
"485268","36127","2025-11-29","25.00","AUD","1760327542","101429/2025-11-29/1760327542.json"
"485268","36127","2025-11-30","25.00","AUD","1760327542","101429/2025-11-30/1760327542.json"
"485268","36127","2025-10-14","25.00","AUD","1760331771","101429/2025-10-14/1760331771.json"
"485268","36127","2025-10-13","25.00","AUD","1760331771","101429/2025-10-13/1760331771.json"
"485268","36127","2025-10-15","25.00","AUD","1760331771","101429/2025-10-15/1760331771.json"
"485268","36127","2025-10-16","25.00","AUD","1760331771","101429/2025-10-16/1760331771.json"
"485268","36127","2025-10-17","25.00","AUD","1760331771","101429/2025-10-17/1760331771.json"
"485268","36127","2025-10-20","25.00","AUD","1760331771","101429/2025-10-20/1760331771.json"
"485268","36127","2025-10-19","25.00","AUD","1760331771","101429/2025-10-19/1760331771.json"
"485268","36127","2025-10-18","25.00","AUD","1760331771","101429/2025-10-18/1760331771.json"
"485268","36127","2025-10-21","25.00","AUD","1760331771","101429/2025-10-21/1760331771.json"
"485268","36127","2025-10-22","25.00","AUD","1760331771","101429/2025-10-22/1760331771.json"
"485268","36127","2025-10-23","25.00","AUD","1760331771","101429/2025-10-23/1760331771.json"
"485268","36127","2025-10-24","25.00","AUD","1760331771","101429/2025-10-24/1760331771.json"
"485268","36127","2025-10-25","25.00","AUD","1760331771","101429/2025-10-25/1760331771.json"
"485268","36127","2025-10-26","25.00","AUD","1760331771","101429/2025-10-26/1760331771.json"
"485268","36127","2025-10-27","25.00","AUD","1760331771","101429/2025-10-27/1760331771.json"
"485268","36127","2025-10-28","25.00","AUD","1760331771","101429/2025-10-28/1760331771.json"
"485268","36127","2025-10-29","25.00","AUD","1760331771","101429/2025-10-29/1760331771.json"
"485268","36127","2025-10-30","25.00","AUD","1760331771","101429/2025-10-30/1760331771.json"
"485268","36127","2025-10-31","25.00","AUD","1760331771","101429/2025-10-31/1760331771.json"
"485268","36127","2025-11-02","25.00","AUD","1760331771","101429/2025-11-02/1760331771.json"
"485268","36127","2025-11-03","25.00","AUD","1760331771","101429/2025-11-03/1760331771.json"
"485268","36127","2025-11-01","25.00","AUD","1760331771","101429/2025-11-01/1760331771.json"
"485268","36127","2025-11-04","25.00","AUD","1760331771","101429/2025-11-04/1760331771.json"
"485268","36127","2025-11-06","25.00","AUD","1760331771","101429/2025-11-06/1760331771.json"
"485268","36127","2025-11-05","25.00","AUD","1760331771","101429/2025-11-05/1760331771.json"
"485268","36127","2025-11-11","25.00","AUD","1760331771","101429/2025-11-11/1760331771.json"
"485268","36127","2025-11-13","25.00","AUD","1760331771","101429/2025-11-13/1760331771.json"
"485268","36127","2025-11-14","25.00","AUD","1760331771","101429/2025-11-14/1760331771.json"
"485268","36127","2025-11-15","25.00","AUD","1760331771","101429/2025-11-15/1760331771.json"
"485268","36127","2025-11-16","25.00","AUD","1760331771","101429/2025-11-16/1760331771.json"
"485268","36127","2025-11-17","25.00","AUD","1760331771","101429/2025-11-17/1760331771.json"
"485268","36127","2025-11-18","25.00","AUD","1760331771","101429/2025-11-18/1760331771.json"
"485268","36127","2025-11-19","25.00","AUD","1760331771","101429/2025-11-19/1760331771.json"
"485268","36127","2025-11-20","25.00","AUD","1760331771","101429/2025-11-20/1760331771.json"
"485268","36127","2025-11-12","25.00","AUD","1760331771","101429/2025-11-12/1760331771.json"
"485268","36127","2025-11-21","25.00","AUD","1760331771","101429/2025-11-21/1760331771.json"
"485268","36127","2025-11-22","25.00","AUD","1760331771","101429/2025-11-22/1760331771.json"
"485268","36127","2025-11-23","25.00","AUD","1760331771","101429/2025-11-23/1760331771.json"
"485268","36127","2025-11-24","25.00","AUD","1760331771","101429/2025-11-24/1760331771.json"
"485268","36127","2025-11-25","25.00","AUD","1760331771","101429/2025-11-25/1760331771.json"
"485268","36127","2025-11-26","25.00","AUD","1760331771","101429/2025-11-26/1760331771.json"
"485268","36127","2025-11-27","25.00","AUD","1760331771","101429/2025-11-27/1760331771.json"
"485268","36127","2025-11-28","25.00","AUD","1760331771","101429/2025-11-28/1760331771.json"
"485268","36127","2025-11-30","25.00","AUD","1760331771","101429/2025-11-30/1760331771.json"
"485268","36127","2025-11-29","25.00","AUD","1760331771","101429/2025-11-29/1760331771.json"
"485268","36127","2025-10-14","25.00","AUD","1760346886","101429/2025-10-14/1760346886.json"
"485268","36127","2025-10-16","25.00","AUD","1760346886","101429/2025-10-16/1760346886.json"
"485268","36127","2025-10-15","25.00","AUD","1760346886","101429/2025-10-15/1760346886.json"
"485268","36127","2025-10-18","25.00","AUD","1760346886","101429/2025-10-18/1760346886.json"
"485268","36127","2025-10-20","25.00","AUD","1760346886","101429/2025-10-20/1760346886.json"
"485268","36127","2025-10-17","25.00","AUD","1760346886","101429/2025-10-17/1760346886.json"
"485268","36127","2025-10-19","25.00","AUD","1760346886","101429/2025-10-19/1760346886.json"
"485268","36127","2025-10-22","25.00","AUD","1760346886","101429/2025-10-22/1760346886.json"
"485268","36127","2025-10-24","25.00","AUD","1760346886","101429/2025-10-24/1760346886.json"
"485268","36127","2025-10-23","25.00","AUD","1760346886","101429/2025-10-23/1760346886.json"
"485268","36127","2025-10-21","25.00","AUD","1760346886","101429/2025-10-21/1760346886.json"
"485268","36127","2025-10-26","25.00","AUD","1760346886","101429/2025-10-26/1760346886.json"
"485268","36127","2025-10-28","25.00","AUD","1760346886","101429/2025-10-28/1760346886.json"
"485268","36127","2025-10-27","25.00","AUD","1760346886","101429/2025-10-27/1760346886.json"
"485268","36127","2025-10-25","25.00","AUD","1760346886","101429/2025-10-25/1760346886.json"
"485268","36127","2025-10-30","25.00","AUD","1760346886","101429/2025-10-30/1760346886.json"
"485268","36127","2025-10-31","25.00","AUD","1760346886","101429/2025-10-31/1760346886.json"
"485268","36127","2025-11-01","25.00","AUD","1760346886","101429/2025-11-01/1760346886.json"
"485268","36127","2025-10-29","25.00","AUD","1760346886","101429/2025-10-29/1760346886.json"
"485268","36127","2025-11-04","25.00","AUD","1760346886","101429/2025-11-04/1760346886.json"
"485268","36127","2025-11-03","25.00","AUD","1760346886","101429/2025-11-03/1760346886.json"
"485268","36127","2025-11-02","25.00","AUD","1760346886","101429/2025-11-02/1760346886.json"
"485268","36127","2025-11-05","25.00","AUD","1760346886","101429/2025-11-05/1760346886.json"
"485268","36127","2025-11-06","25.00","AUD","1760346886","101429/2025-11-06/1760346886.json"
"485268","36127","2025-11-12","25.00","AUD","1760346886","101429/2025-11-12/1760346886.json"
"485268","36127","2025-11-11","25.00","AUD","1760346886","101429/2025-11-11/1760346886.json"
"485268","36127","2025-11-14","25.00","AUD","1760346886","101429/2025-11-14/1760346886.json"
"485268","36127","2025-11-13","25.00","AUD","1760346886","101429/2025-11-13/1760346886.json"
"485268","36127","2025-11-15","25.00","AUD","1760346886","101429/2025-11-15/1760346886.json"
"485268","36127","2025-11-16","25.00","AUD","1760346886","101429/2025-11-16/1760346886.json"
"485268","36127","2025-11-18","25.00","AUD","1760346886","101429/2025-11-18/1760346886.json"
"485268","36127","2025-11-19","25.00","AUD","1760346886","101429/2025-11-19/1760346886.json"
"485268","36127","2025-11-17","25.00","AUD","1760346886","101429/2025-11-17/1760346886.json"
"485268","36127","2025-11-20","25.00","AUD","1760346886","101429/2025-11-20/1760346886.json"
"485268","36127","2025-11-21","25.00","AUD","1760346886","101429/2025-11-21/1760346886.json"
"485268","36127","2025-11-23","25.00","AUD","1760346886","101429/2025-11-23/1760346886.json"
"485268","36127","2025-11-22","25.00","AUD","1760346886","101429/2025-11-22/1760346886.json"
"485268","36127","2025-11-24","25.00","AUD","1760346886","101429/2025-11-24/1760346886.json"
"485268","36127","2025-11-25","25.00","AUD","1760346886","101429/2025-11-25/1760346886.json"
"485268","36127","2025-11-26","25.00","AUD","1760346886","101429/2025-11-26/1760346886.json"
"485268","36127","2025-11-28","25.00","AUD","1760346886","101429/2025-11-28/1760346886.json"
"485268","36127","2025-11-29","25.00","AUD","1760346886","101429/2025-11-29/1760346886.json"
"485268","36127","2025-11-27","25.00","AUD","1760346886","101429/2025-11-27/1760346886.json"
"485268","36127","2025-11-30","25.00","AUD","1760346886","101429/2025-11-30/1760346886.json"
"485268","36127","2025-10-15","25.00","AUD","1760364195","101429/2025-10-15/1760364195.json"
"485268","36127","2025-10-14","25.00","AUD","1760364195","101429/2025-10-14/1760364195.json"
"485268","36127","2025-10-16","25.00","AUD","1760364195","101429/2025-10-16/1760364195.json"
"485268","36127","2025-10-17","25.00","AUD","1760364195","101429/2025-10-17/1760364195.json"
"485268","36127","2025-10-18","25.00","AUD","1760364195","101429/2025-10-18/1760364195.json"
"485268","36127","2025-10-20","25.00","AUD","1760364195","101429/2025-10-20/1760364195.json"
"485268","36127","2025-10-19","25.00","AUD","1760364195","101429/2025-10-19/1760364195.json"
"485268","36127","2025-10-21","25.00","AUD","1760364195","101429/2025-10-21/1760364195.json"
"485268","36127","2025-10-22","25.00","AUD","1760364195","101429/2025-10-22/1760364195.json"
"485268","36127","2025-10-23","25.00","AUD","1760364195","101429/2025-10-23/1760364195.json"
"485268","36127","2025-10-25","25.00","AUD","1760364195","101429/2025-10-25/1760364195.json"
"485268","36127","2025-10-24","25.00","AUD","1760364195","101429/2025-10-24/1760364195.json"
"485268","36127","2025-10-26","25.00","AUD","1760364195","101429/2025-10-26/1760364195.json"
"485268","36127","2025-10-27","25.00","AUD","1760364195","101429/2025-10-27/1760364195.json"
"485268","36127","2025-10-28","25.00","AUD","1760364195","101429/2025-10-28/1760364195.json"
"485268","36127","2025-10-29","25.00","AUD","1760364195","101429/2025-10-29/1760364195.json"
"485268","36127","2025-10-30","25.00","AUD","1760364195","101429/2025-10-30/1760364195.json"
"485268","36127","2025-10-31","25.00","AUD","1760364195","101429/2025-10-31/1760364195.json"
"485268","36127","2025-11-01","25.00","AUD","1760364195","101429/2025-11-01/1760364195.json"
"485268","36127","2025-11-02","25.00","AUD","1760364195","101429/2025-11-02/1760364195.json"
"485268","36127","2025-11-03","25.00","AUD","1760364195","101429/2025-11-03/1760364195.json"
"485268","36127","2025-11-05","25.00","AUD","1760364195","101429/2025-11-05/1760364195.json"
"485268","36127","2025-11-04","25.00","AUD","1760364195","101429/2025-11-04/1760364195.json"
"485268","36127","2025-11-06","25.00","AUD","1760364195","101429/2025-11-06/1760364195.json"
"485268","36127","2025-11-11","25.00","AUD","1760364195","101429/2025-11-11/1760364195.json"
"485268","36127","2025-11-12","25.00","AUD","1760364195","101429/2025-11-12/1760364195.json"
"485268","36127","2025-11-13","25.00","AUD","1760364195","101429/2025-11-13/1760364195.json"
"485268","36127","2025-11-14","25.00","AUD","1760364195","101429/2025-11-14/1760364195.json"
"485268","36127","2025-11-16","25.00","AUD","1760364195","101429/2025-11-16/1760364195.json"
"485268","36127","2025-11-15","25.00","AUD","1760364195","101429/2025-11-15/1760364195.json"
"485268","36127","2025-11-17","25.00","AUD","1760364195","101429/2025-11-17/1760364195.json"
"485268","36127","2025-11-18","25.00","AUD","1760364195","101429/2025-11-18/1760364195.json"
"485268","36127","2025-11-19","25.00","AUD","1760364195","101429/2025-11-19/1760364195.json"
"485268","36127","2025-11-21","25.00","AUD","1760364195","101429/2025-11-21/1760364195.json"
"485268","36127","2025-11-20","25.00","AUD","1760364195","101429/2025-11-20/1760364195.json"
"485268","36127","2025-11-22","25.00","AUD","1760364195","101429/2025-11-22/1760364195.json"
"485268","36127","2025-11-23","25.00","AUD","1760364195","101429/2025-11-23/1760364195.json"
"485268","36127","2025-11-24","25.00","AUD","1760364195","101429/2025-11-24/1760364195.json"
"485268","36127","2025-11-25","25.00","AUD","1760364195","101429/2025-11-25/1760364195.json"
"485268","36127","2025-11-26","25.00","AUD","1760364195","101429/2025-11-26/1760364195.json"
"485268","36127","2025-11-27","25.00","AUD","1760364195","101429/2025-11-27/1760364195.json"
"485268","36127","2025-11-28","25.00","AUD","1760364195","101429/2025-11-28/1760364195.json"
"485268","36127","2025-11-29","25.00","AUD","1760364195","101429/2025-11-29/1760364195.json"
"485268","36127","2025-11-30","25.00","AUD","1760364195","101429/2025-11-30/1760364195.json"
"485268","36127","2025-10-15","25.00","AUD","1760375460","101429/2025-10-15/1760375460.json"
"485268","36127","2025-10-16","25.00","AUD","1760375460","101429/2025-10-16/1760375460.json"
"485268","36127","2025-10-14","25.00","AUD","1760375460","101429/2025-10-14/1760375460.json"
"485268","36127","2025-10-17","25.00","AUD","1760375460","101429/2025-10-17/1760375460.json"
"485268","36127","2025-10-18","25.00","AUD","1760375460","101429/2025-10-18/1760375460.json"
"485268","36127","2025-10-19","25.00","AUD","1760375460","101429/2025-10-19/1760375460.json"
"485268","36127","2025-10-20","25.00","AUD","1760375460","101429/2025-10-20/1760375460.json"
"485268","36127","2025-10-21","25.00","AUD","1760375460","101429/2025-10-21/1760375460.json"
"485268","36127","2025-10-24","25.00","AUD","1760375460","101429/2025-10-24/1760375460.json"
"485268","36127","2025-10-23","25.00","AUD","1760375460","101429/2025-10-23/1760375460.json"
"485268","36127","2025-10-25","25.00","AUD","1760375460","101429/2025-10-25/1760375460.json"
"485268","36127","2025-10-22","25.00","AUD","1760375460","101429/2025-10-22/1760375460.json"
"485268","36127","2025-10-26","25.00","AUD","1760375460","101429/2025-10-26/1760375460.json"
"485268","36127","2025-10-27","25.00","AUD","1760375460","101429/2025-10-27/1760375460.json"
"485268","36127","2025-10-28","25.00","AUD","1760375460","101429/2025-10-28/1760375460.json"
"485268","36127","2025-10-30","25.00","AUD","1760375460","101429/2025-10-30/1760375460.json"
"485268","36127","2025-10-29","25.00","AUD","1760375460","101429/2025-10-29/1760375460.json"
"485268","36127","2025-11-01","25.00","AUD","1760375460","101429/2025-11-01/1760375460.json"
"485268","36127","2025-10-31","25.00","AUD","1760375460","101429/2025-10-31/1760375460.json"
"485268","36127","2025-11-03","25.00","AUD","1760375460","101429/2025-11-03/1760375460.json"
"485268","36127","2025-11-02","25.00","AUD","1760375460","101429/2025-11-02/1760375460.json"
"485268","36127","2025-11-04","25.00","AUD","1760375460","101429/2025-11-04/1760375460.json"
"485268","36127","2025-11-05","25.00","AUD","1760375460","101429/2025-11-05/1760375460.json"
"485268","36127","2025-11-06","25.00","AUD","1760375460","101429/2025-11-06/1760375460.json"
"485268","36127","2025-11-11","25.00","AUD","1760375460","101429/2025-11-11/1760375460.json"
"485268","36127","2025-11-12","25.00","AUD","1760375460","101429/2025-11-12/1760375460.json"
"485268","36127","2025-11-13","25.00","AUD","1760375460","101429/2025-11-13/1760375460.json"
"485268","36127","2025-11-14","25.00","AUD","1760375460","101429/2025-11-14/1760375460.json"
"485268","36127","2025-11-15","25.00","AUD","1760375460","101429/2025-11-15/1760375460.json"
"485268","36127","2025-11-16","25.00","AUD","1760375460","101429/2025-11-16/1760375460.json"
"485268","36127","2025-11-17","25.00","AUD","1760375460","101429/2025-11-17/1760375460.json"
"485268","36127","2025-11-18","25.00","AUD","1760375460","101429/2025-11-18/1760375460.json"
"485268","36127","2025-11-19","25.00","AUD","1760375460","101429/2025-11-19/1760375460.json"
"485268","36127","2025-11-20","25.00","AUD","1760375460","101429/2025-11-20/1760375460.json"
"485268","36127","2025-11-21","25.00","AUD","1760375460","101429/2025-11-21/1760375460.json"
"485268","36127","2025-11-22","25.00","AUD","1760375460","101429/2025-11-22/1760375460.json"
"485268","36127","2025-11-23","25.00","AUD","1760375460","101429/2025-11-23/1760375460.json"
"485268","36127","2025-11-24","25.00","AUD","1760375460","101429/2025-11-24/1760375460.json"
"485268","36127","2025-11-25","25.00","AUD","1760375460","101429/2025-11-25/1760375460.json"
"485268","36127","2025-11-26","25.00","AUD","1760375460","101429/2025-11-26/1760375460.json"
"485268","36127","2025-11-27","25.00","AUD","1760375460","101429/2025-11-27/1760375460.json"
"485268","36127","2025-11-28","25.00","AUD","1760375460","101429/2025-11-28/1760375460.json"
"485268","36127","2025-11-29","25.00","AUD","1760375460","101429/2025-11-29/1760375460.json"
"485268","36127","2025-11-30","25.00","AUD","1760375460","101429/2025-11-30/1760375460.json"
"485268","36127","2025-10-16","25.00","AUD","1760389192","101429/2025-10-16/1760389192.json"
"485268","36127","2025-10-14","25.00","AUD","1760389192","101429/2025-10-14/1760389192.json"
"485268","36127","2025-10-15","25.00","AUD","1760389192","101429/2025-10-15/1760389192.json"
"485268","36127","2025-10-17","25.00","AUD","1760389192","101429/2025-10-17/1760389192.json"
"485268","36127","2025-10-18","25.00","AUD","1760389192","101429/2025-10-18/1760389192.json"
"485268","36127","2025-10-19","25.00","AUD","1760389192","101429/2025-10-19/1760389192.json"
"485268","36127","2025-10-20","25.00","AUD","1760389192","101429/2025-10-20/1760389192.json"
"485268","36127","2025-10-21","25.00","AUD","1760389192","101429/2025-10-21/1760389192.json"
"485268","36127","2025-10-23","25.00","AUD","1760389192","101429/2025-10-23/1760389192.json"
"485268","36127","2025-10-24","25.00","AUD","1760389192","101429/2025-10-24/1760389192.json"
"485268","36127","2025-10-22","25.00","AUD","1760389192","101429/2025-10-22/1760389192.json"
"485268","36127","2025-10-25","25.00","AUD","1760389192","101429/2025-10-25/1760389192.json"
"485268","36127","2025-10-26","25.00","AUD","1760389192","101429/2025-10-26/1760389192.json"
"485268","36127","2025-10-27","25.00","AUD","1760389192","101429/2025-10-27/1760389192.json"
"485268","36127","2025-10-28","25.00","AUD","1760389192","101429/2025-10-28/1760389192.json"
"485268","36127","2025-10-29","25.00","AUD","1760389192","101429/2025-10-29/1760389192.json"
"485268","36127","2025-10-30","25.00","AUD","1760389192","101429/2025-10-30/1760389192.json"
"485268","36127","2025-11-01","25.00","AUD","1760389192","101429/2025-11-01/1760389192.json"
"485268","36127","2025-10-31","25.00","AUD","1760389192","101429/2025-10-31/1760389192.json"
"485268","36127","2025-11-03","25.00","AUD","1760389192","101429/2025-11-03/1760389192.json"
"485268","36127","2025-11-02","25.00","AUD","1760389192","101429/2025-11-02/1760389192.json"
"485268","36127","2025-11-04","25.00","AUD","1760389192","101429/2025-11-04/1760389192.json"
"485268","36127","2025-11-05","25.00","AUD","1760389192","101429/2025-11-05/1760389192.json"
"485268","36127","2025-11-06","25.00","AUD","1760389192","101429/2025-11-06/1760389192.json"
"485268","36127","2025-11-11","25.00","AUD","1760389192","101429/2025-11-11/1760389192.json"
"485268","36127","2025-11-13","25.00","AUD","1760389192","101429/2025-11-13/1760389192.json"
"485268","36127","2025-11-14","25.00","AUD","1760389192","101429/2025-11-14/1760389192.json"
"485268","36127","2025-11-12","25.00","AUD","1760389192","101429/2025-11-12/1760389192.json"
"485268","36127","2025-11-15","25.00","AUD","1760389192","101429/2025-11-15/1760389192.json"
"485268","36127","2025-11-16","25.00","AUD","1760389192","101429/2025-11-16/1760389192.json"
"485268","36127","2025-11-17","25.00","AUD","1760389192","101429/2025-11-17/1760389192.json"
"485268","36127","2025-11-18","25.00","AUD","1760389192","101429/2025-11-18/1760389192.json"
"485268","36127","2025-11-19","25.00","AUD","1760389192","101429/2025-11-19/1760389192.json"
"485268","36127","2025-11-20","25.00","AUD","1760389192","101429/2025-11-20/1760389192.json"
"485268","36127","2025-11-22","25.00","AUD","1760389192","101429/2025-11-22/1760389192.json"
"485268","36127","2025-11-21","25.00","AUD","1760389192","101429/2025-11-21/1760389192.json"
"485268","36127","2025-11-23","25.00","AUD","1760389192","101429/2025-11-23/1760389192.json"
"485268","36127","2025-11-24","25.00","AUD","1760389192","101429/2025-11-24/1760389192.json"
"485268","36127","2025-11-26","25.00","AUD","1760389192","101429/2025-11-26/1760389192.json"
"485268","36127","2025-11-25","25.00","AUD","1760389192","101429/2025-11-25/1760389192.json"
"485268","36127","2025-11-27","25.00","AUD","1760389192","101429/2025-11-27/1760389192.json"
"485268","36127","2025-11-30","25.00","AUD","1760389192","101429/2025-11-30/1760389192.json"
"485268","36127","2025-11-28","25.00","AUD","1760389192","101429/2025-11-28/1760389192.json"
"485268","36127","2025-11-29","25.00","AUD","1760389192","101429/2025-11-29/1760389192.json"
"485273","36129","2025-10-14","25.00","AUD","1760412647","101429/2025-10-14/1760412647.json"
"485268","36127","2025-10-14","25.00","AUD","1760412647","101429/2025-10-14/1760412647.json"
"485273","36129","2025-10-15","25.00","AUD","1760412647","101429/2025-10-15/1760412647.json"
"485268","36127","2025-10-15","25.00","AUD","1760412647","101429/2025-10-15/1760412647.json"
"485273","36129","2025-10-17","25.00","AUD","1760412647","101429/2025-10-17/1760412647.json"
"485268","36127","2025-10-17","25.00","AUD","1760412647","101429/2025-10-17/1760412647.json"
"485273","36129","2025-10-16","25.00","AUD","1760412647","101429/2025-10-16/1760412647.json"
"485268","36127","2025-10-16","25.00","AUD","1760412647","101429/2025-10-16/1760412647.json"
"485273","36129","2025-10-18","25.00","AUD","1760412647","101429/2025-10-18/1760412647.json"
"485268","36127","2025-10-18","25.00","AUD","1760412647","101429/2025-10-18/1760412647.json"
"485273","36129","2025-10-19","25.00","AUD","1760412647","101429/2025-10-19/1760412647.json"
"485268","36127","2025-10-19","25.00","AUD","1760412647","101429/2025-10-19/1760412647.json"
"485273","36129","2025-10-20","25.00","AUD","1760412647","101429/2025-10-20/1760412647.json"
"485268","36127","2025-10-20","25.00","AUD","1760412647","101429/2025-10-20/1760412647.json"
"485273","36129","2025-10-21","25.00","AUD","1760412647","101429/2025-10-21/1760412647.json"
"485268","36127","2025-10-21","25.00","AUD","1760412647","101429/2025-10-21/1760412647.json"
"485273","36129","2025-10-22","25.00","AUD","1760412647","101429/2025-10-22/1760412647.json"
"485268","36127","2025-10-22","25.00","AUD","1760412647","101429/2025-10-22/1760412647.json"
"485273","36129","2025-10-23","25.00","AUD","1760412647","101429/2025-10-23/1760412647.json"
"485268","36127","2025-10-23","25.00","AUD","1760412647","101429/2025-10-23/1760412647.json"
"485268","36127","2025-10-24","25.00","AUD","1760412647","101429/2025-10-24/1760412647.json"
"485268","36127","2025-10-25","25.00","AUD","1760412647","101429/2025-10-25/1760412647.json"
"485268","36127","2025-10-26","25.00","AUD","1760412647","101429/2025-10-26/1760412647.json"
"485268","36127","2025-10-27","25.00","AUD","1760412647","101429/2025-10-27/1760412647.json"
"485268","36127","2025-10-28","25.00","AUD","1760412647","101429/2025-10-28/1760412647.json"
"485268","36127","2025-10-29","25.00","AUD","1760412647","101429/2025-10-29/1760412647.json"
"485268","36127","2025-10-30","25.00","AUD","1760412647","101429/2025-10-30/1760412647.json"
"485268","36127","2025-10-31","25.00","AUD","1760412647","101429/2025-10-31/1760412647.json"
"485268","36127","2025-11-01","25.00","AUD","1760412647","101429/2025-11-01/1760412647.json"
"485268","36127","2025-11-02","25.00","AUD","1760412647","101429/2025-11-02/1760412647.json"
"485268","36127","2025-11-03","25.00","AUD","1760412647","101429/2025-11-03/1760412647.json"
"485268","36127","2025-11-04","25.00","AUD","1760412647","101429/2025-11-04/1760412647.json"
"485268","36127","2025-11-06","25.00","AUD","1760412647","101429/2025-11-06/1760412647.json"
"485268","36127","2025-11-05","25.00","AUD","1760412647","101429/2025-11-05/1760412647.json"
"485268","36127","2025-11-11","25.00","AUD","1760412647","101429/2025-11-11/1760412647.json"
"485268","36127","2025-11-12","25.00","AUD","1760412647","101429/2025-11-12/1760412647.json"
"485268","36127","2025-11-14","25.00","AUD","1760412647","101429/2025-11-14/1760412647.json"
"485268","36127","2025-11-13","25.00","AUD","1760412647","101429/2025-11-13/1760412647.json"
"485268","36127","2025-11-15","25.00","AUD","1760412647","101429/2025-11-15/1760412647.json"
"485268","36127","2025-11-16","25.00","AUD","1760412647","101429/2025-11-16/1760412647.json"
"485268","36127","2025-11-17","25.00","AUD","1760412647","101429/2025-11-17/1760412647.json"
"485268","36127","2025-11-18","25.00","AUD","1760412647","101429/2025-11-18/1760412647.json"
"485268","36127","2025-11-19","25.00","AUD","1760412647","101429/2025-11-19/1760412647.json"
"485268","36127","2025-11-20","25.00","AUD","1760412647","101429/2025-11-20/1760412647.json"
"485268","36127","2025-11-21","25.00","AUD","1760412647","101429/2025-11-21/1760412647.json"
"485268","36127","2025-11-22","25.00","AUD","1760412647","101429/2025-11-22/1760412647.json"
"485268","36127","2025-11-23","25.00","AUD","1760412647","101429/2025-11-23/1760412647.json"
"485268","36127","2025-11-24","25.00","AUD","1760412647","101429/2025-11-24/1760412647.json"
"485268","36127","2025-11-26","25.00","AUD","1760412647","101429/2025-11-26/1760412647.json"
"485268","36127","2025-11-25","25.00","AUD","1760412647","101429/2025-11-25/1760412647.json"
"485268","36127","2025-11-27","25.00","AUD","1760412647","101429/2025-11-27/1760412647.json"
"485268","36127","2025-11-28","25.00","AUD","1760412647","101429/2025-11-28/1760412647.json"
"485268","36127","2025-11-30","25.00","AUD","1760412647","101429/2025-11-30/1760412647.json"
"485268","36127","2025-11-29","25.00","AUD","1760412647","101429/2025-11-29/1760412647.json"
"485273","36129","2025-10-16","25.00","AUD","1760418144","101429/2025-10-16/1760418144.json"
"485268","36127","2025-10-16","25.00","AUD","1760418144","101429/2025-10-16/1760418144.json"
"485273","36129","2025-10-14","25.00","AUD","1760418144","101429/2025-10-14/1760418144.json"
"485268","36127","2025-10-14","25.00","AUD","1760418144","101429/2025-10-14/1760418144.json"
"485273","36129","2025-10-15","25.00","AUD","1760418144","101429/2025-10-15/1760418144.json"
"485268","36127","2025-10-15","25.00","AUD","1760418144","101429/2025-10-15/1760418144.json"
"485273","36129","2025-10-17","25.00","AUD","1760418144","101429/2025-10-17/1760418144.json"
"485268","36127","2025-10-17","25.00","AUD","1760418144","101429/2025-10-17/1760418144.json"
"485273","36129","2025-10-19","25.00","AUD","1760418144","101429/2025-10-19/1760418144.json"
"485268","36127","2025-10-19","25.00","AUD","1760418144","101429/2025-10-19/1760418144.json"
"485273","36129","2025-10-20","25.00","AUD","1760418144","101429/2025-10-20/1760418144.json"
"485268","36127","2025-10-20","25.00","AUD","1760418144","101429/2025-10-20/1760418144.json"
"485273","36129","2025-10-18","25.00","AUD","1760418144","101429/2025-10-18/1760418144.json"
"485268","36127","2025-10-18","25.00","AUD","1760418144","101429/2025-10-18/1760418144.json"
"485273","36129","2025-10-21","25.00","AUD","1760418144","101429/2025-10-21/1760418144.json"
"485268","36127","2025-10-21","25.00","AUD","1760418144","101429/2025-10-21/1760418144.json"
"485273","36129","2025-10-23","25.00","AUD","1760418144","101429/2025-10-23/1760418144.json"
"485268","36127","2025-10-23","25.00","AUD","1760418144","101429/2025-10-23/1760418144.json"
"485273","36129","2025-10-22","25.00","AUD","1760418144","101429/2025-10-22/1760418144.json"
"485268","36127","2025-10-22","25.00","AUD","1760418144","101429/2025-10-22/1760418144.json"
"485268","36127","2025-10-25","25.00","AUD","1760418144","101429/2025-10-25/1760418144.json"
"485268","36127","2025-10-24","25.00","AUD","1760418144","101429/2025-10-24/1760418144.json"
"485268","36127","2025-10-26","25.00","AUD","1760418144","101429/2025-10-26/1760418144.json"
"485268","36127","2025-10-29","25.00","AUD","1760418144","101429/2025-10-29/1760418144.json"
"485268","36127","2025-10-28","25.00","AUD","1760418144","101429/2025-10-28/1760418144.json"
"485268","36127","2025-10-30","25.00","AUD","1760418144","101429/2025-10-30/1760418144.json"
"485268","36127","2025-10-27","25.00","AUD","1760418144","101429/2025-10-27/1760418144.json"
"485268","36127","2025-10-31","25.00","AUD","1760418144","101429/2025-10-31/1760418144.json"
"485268","36127","2025-11-01","25.00","AUD","1760418144","101429/2025-11-01/1760418144.json"
"485268","36127","2025-11-02","25.00","AUD","1760418144","101429/2025-11-02/1760418144.json"
"485268","36127","2025-11-03","25.00","AUD","1760418144","101429/2025-11-03/1760418144.json"
"485268","36127","2025-11-04","25.00","AUD","1760418144","101429/2025-11-04/1760418144.json"
"485268","36127","2025-11-05","25.00","AUD","1760418144","101429/2025-11-05/1760418144.json"
"485268","36127","2025-11-06","25.00","AUD","1760418144","101429/2025-11-06/1760418144.json"
"485268","36127","2025-11-11","25.00","AUD","1760418144","101429/2025-11-11/1760418144.json"
"485268","36127","2025-11-12","25.00","AUD","1760418144","101429/2025-11-12/1760418144.json"
"485268","36127","2025-11-13","25.00","AUD","1760418144","101429/2025-11-13/1760418144.json"
"485268","36127","2025-11-14","25.00","AUD","1760418144","101429/2025-11-14/1760418144.json"
"485268","36127","2025-11-15","25.00","AUD","1760418144","101429/2025-11-15/1760418144.json"
"485268","36127","2025-11-16","25.00","AUD","1760418144","101429/2025-11-16/1760418144.json"
"485268","36127","2025-11-17","25.00","AUD","1760418144","101429/2025-11-17/1760418144.json"
"485268","36127","2025-11-18","25.00","AUD","1760418144","101429/2025-11-18/1760418144.json"
"485268","36127","2025-11-19","25.00","AUD","1760418144","101429/2025-11-19/1760418144.json"
"485268","36127","2025-11-20","25.00","AUD","1760418144","101429/2025-11-20/1760418144.json"
"485268","36127","2025-11-21","25.00","AUD","1760418144","101429/2025-11-21/1760418144.json"
"485268","36127","2025-11-22","25.00","AUD","1760418144","101429/2025-11-22/1760418144.json"
"485268","36127","2025-11-24","25.00","AUD","1760418144","101429/2025-11-24/1760418144.json"
"485268","36127","2025-11-25","25.00","AUD","1760418144","101429/2025-11-25/1760418144.json"
"485268","36127","2025-11-23","25.00","AUD","1760418144","101429/2025-11-23/1760418144.json"
"485268","36127","2025-11-26","25.00","AUD","1760418144","101429/2025-11-26/1760418144.json"
"485268","36127","2025-11-29","25.00","AUD","1760418144","101429/2025-11-29/1760418144.json"
"485268","36127","2025-11-28","25.00","AUD","1760418144","101429/2025-11-28/1760418144.json"
"485268","36127","2025-11-27","25.00","AUD","1760418144","101429/2025-11-27/1760418144.json"
"485268","36127","2025-11-30","25.00","AUD","1760418144","101429/2025-11-30/1760418144.json"
"485273","36129","2025-10-17","25.00","AUD","1760432828","101429/2025-10-17/1760432828.json"
"485268","36127","2025-10-17","25.00","AUD","1760432828","101429/2025-10-17/1760432828.json"
"485273","36129","2025-10-16","25.00","AUD","1760432828","101429/2025-10-16/1760432828.json"
"485268","36127","2025-10-16","25.00","AUD","1760432828","101429/2025-10-16/1760432828.json"
"485273","36129","2025-10-15","25.00","AUD","1760432828","101429/2025-10-15/1760432828.json"
"485268","36127","2025-10-15","25.00","AUD","1760432828","101429/2025-10-15/1760432828.json"
"485273","36129","2025-10-18","25.00","AUD","1760432828","101429/2025-10-18/1760432828.json"
"485268","36127","2025-10-18","25.00","AUD","1760432828","101429/2025-10-18/1760432828.json"
"485273","36129","2025-10-19","25.00","AUD","1760432828","101429/2025-10-19/1760432828.json"
"485268","36127","2025-10-19","25.00","AUD","1760432828","101429/2025-10-19/1760432828.json"
"485273","36129","2025-10-21","25.00","AUD","1760432828","101429/2025-10-21/1760432828.json"
"485268","36127","2025-10-21","25.00","AUD","1760432828","101429/2025-10-21/1760432828.json"
"485273","36129","2025-10-20","25.00","AUD","1760432828","101429/2025-10-20/1760432828.json"
"485268","36127","2025-10-20","25.00","AUD","1760432828","101429/2025-10-20/1760432828.json"
"485273","36129","2025-10-22","25.00","AUD","1760432828","101429/2025-10-22/1760432828.json"
"485268","36127","2025-10-22","25.00","AUD","1760432828","101429/2025-10-22/1760432828.json"
"485268","36127","2025-10-24","25.00","AUD","1760432828","101429/2025-10-24/1760432828.json"
"485268","36127","2025-10-25","25.00","AUD","1760432828","101429/2025-10-25/1760432828.json"
"485273","36129","2025-10-23","25.00","AUD","1760432828","101429/2025-10-23/1760432828.json"
"485268","36127","2025-10-23","25.00","AUD","1760432828","101429/2025-10-23/1760432828.json"
"485268","36127","2025-10-26","25.00","AUD","1760432828","101429/2025-10-26/1760432828.json"
"485268","36127","2025-10-27","25.00","AUD","1760432828","101429/2025-10-27/1760432828.json"
"485268","36127","2025-10-28","25.00","AUD","1760432828","101429/2025-10-28/1760432828.json"
"485268","36127","2025-10-30","25.00","AUD","1760432828","101429/2025-10-30/1760432828.json"
"485268","36127","2025-10-29","25.00","AUD","1760432828","101429/2025-10-29/1760432828.json"
"485268","36127","2025-10-31","25.00","AUD","1760432828","101429/2025-10-31/1760432828.json"
"485268","36127","2025-11-02","25.00","AUD","1760432828","101429/2025-11-02/1760432828.json"
"485268","36127","2025-11-01","25.00","AUD","1760432828","101429/2025-11-01/1760432828.json"
"485268","36127","2025-11-03","25.00","AUD","1760432828","101429/2025-11-03/1760432828.json"
"485268","36127","2025-11-04","25.00","AUD","1760432828","101429/2025-11-04/1760432828.json"
"485268","36127","2025-11-05","25.00","AUD","1760432828","101429/2025-11-05/1760432828.json"
"485268","36127","2025-11-06","25.00","AUD","1760432828","101429/2025-11-06/1760432828.json"
"485268","36127","2025-11-11","25.00","AUD","1760432828","101429/2025-11-11/1760432828.json"
"485268","36127","2025-11-12","25.00","AUD","1760432828","101429/2025-11-12/1760432828.json"
"485268","36127","2025-11-13","25.00","AUD","1760432828","101429/2025-11-13/1760432828.json"
"485268","36127","2025-11-14","25.00","AUD","1760432828","101429/2025-11-14/1760432828.json"
"485268","36127","2025-11-15","25.00","AUD","1760432828","101429/2025-11-15/1760432828.json"
"485268","36127","2025-11-17","25.00","AUD","1760432828","101429/2025-11-17/1760432828.json"
"485268","36127","2025-11-18","25.00","AUD","1760432828","101429/2025-11-18/1760432828.json"
"485268","36127","2025-11-16","25.00","AUD","1760432828","101429/2025-11-16/1760432828.json"
"485268","36127","2025-11-19","25.00","AUD","1760432828","101429/2025-11-19/1760432828.json"
"485268","36127","2025-11-20","25.00","AUD","1760432828","101429/2025-11-20/1760432828.json"
"485268","36127","2025-11-22","25.00","AUD","1760432828","101429/2025-11-22/1760432828.json"
"485268","36127","2025-11-21","25.00","AUD","1760432828","101429/2025-11-21/1760432828.json"
"485268","36127","2025-11-23","25.00","AUD","1760432828","101429/2025-11-23/1760432828.json"
"485268","36127","2025-11-24","25.00","AUD","1760432828","101429/2025-11-24/1760432828.json"
"485268","36127","2025-11-25","25.00","AUD","1760432828","101429/2025-11-25/1760432828.json"
"485268","36127","2025-11-27","25.00","AUD","1760432828","101429/2025-11-27/1760432828.json"
"485268","36127","2025-11-26","25.00","AUD","1760432828","101429/2025-11-26/1760432828.json"
"485268","36127","2025-11-28","25.00","AUD","1760432828","101429/2025-11-28/1760432828.json"
"485268","36127","2025-11-29","25.00","AUD","1760432828","101429/2025-11-29/1760432828.json"
"485268","36127","2025-11-30","25.00","AUD","1760432828","101429/2025-11-30/1760432828.json"
"485273","36129","2025-10-16","25.00","AUD","1760450524","101429/2025-10-16/1760450524.json"
"485268","36127","2025-10-16","25.00","AUD","1760450524","101429/2025-10-16/1760450524.json"
"485273","36129","2025-10-17","25.00","AUD","1760450524","101429/2025-10-17/1760450524.json"
"485273","36129","2025-10-15","25.00","AUD","1760450524","101429/2025-10-15/1760450524.json"
"485268","36127","2025-10-17","25.00","AUD","1760450524","101429/2025-10-17/1760450524.json"
"485268","36127","2025-10-15","25.00","AUD","1760450524","101429/2025-10-15/1760450524.json"
"485273","36129","2025-10-18","25.00","AUD","1760450524","101429/2025-10-18/1760450524.json"
"485268","36127","2025-10-18","25.00","AUD","1760450524","101429/2025-10-18/1760450524.json"
"485273","36129","2025-10-19","25.00","AUD","1760450524","101429/2025-10-19/1760450524.json"
"485268","36127","2025-10-19","25.00","AUD","1760450524","101429/2025-10-19/1760450524.json"
"485273","36129","2025-10-20","25.00","AUD","1760450524","101429/2025-10-20/1760450524.json"
"485268","36127","2025-10-20","25.00","AUD","1760450524","101429/2025-10-20/1760450524.json"
"485273","36129","2025-10-21","25.00","AUD","1760450524","101429/2025-10-21/1760450524.json"
"485268","36127","2025-10-21","25.00","AUD","1760450524","101429/2025-10-21/1760450524.json"
"485273","36129","2025-10-22","25.00","AUD","1760450524","101429/2025-10-22/1760450524.json"
"485268","36127","2025-10-22","25.00","AUD","1760450524","101429/2025-10-22/1760450524.json"
"485268","36127","2025-10-24","25.00","AUD","1760450524","101429/2025-10-24/1760450524.json"
"485273","36129","2025-10-23","25.00","AUD","1760450524","101429/2025-10-23/1760450524.json"
"485268","36127","2025-10-23","25.00","AUD","1760450524","101429/2025-10-23/1760450524.json"
"485268","36127","2025-10-25","25.00","AUD","1760450524","101429/2025-10-25/1760450524.json"
"485268","36127","2025-10-26","25.00","AUD","1760450524","101429/2025-10-26/1760450524.json"
"485268","36127","2025-10-29","25.00","AUD","1760450524","101429/2025-10-29/1760450524.json"
"485268","36127","2025-10-27","25.00","AUD","1760450524","101429/2025-10-27/1760450524.json"
"485268","36127","2025-10-28","25.00","AUD","1760450524","101429/2025-10-28/1760450524.json"
"485268","36127","2025-10-30","25.00","AUD","1760450524","101429/2025-10-30/1760450524.json"
"485268","36127","2025-10-31","25.00","AUD","1760450524","101429/2025-10-31/1760450524.json"
"485268","36127","2025-11-01","25.00","AUD","1760450524","101429/2025-11-01/1760450524.json"
"485268","36127","2025-11-02","25.00","AUD","1760450524","101429/2025-11-02/1760450524.json"
"485268","36127","2025-11-04","25.00","AUD","1760450524","101429/2025-11-04/1760450524.json"
"485268","36127","2025-11-03","25.00","AUD","1760450524","101429/2025-11-03/1760450524.json"
"485268","36127","2025-11-05","25.00","AUD","1760450524","101429/2025-11-05/1760450524.json"
"485268","36127","2025-11-06","25.00","AUD","1760450524","101429/2025-11-06/1760450524.json"
"485268","36127","2025-11-11","25.00","AUD","1760450524","101429/2025-11-11/1760450524.json"
"485268","36127","2025-11-12","25.00","AUD","1760450524","101429/2025-11-12/1760450524.json"
"485268","36127","2025-11-13","25.00","AUD","1760450524","101429/2025-11-13/1760450524.json"
"485268","36127","2025-11-15","25.00","AUD","1760450524","101429/2025-11-15/1760450524.json"
"485268","36127","2025-11-16","25.00","AUD","1760450524","101429/2025-11-16/1760450524.json"
"485268","36127","2025-11-17","25.00","AUD","1760450524","101429/2025-11-17/1760450524.json"
"485268","36127","2025-11-14","25.00","AUD","1760450524","101429/2025-11-14/1760450524.json"
"485268","36127","2025-11-18","25.00","AUD","1760450524","101429/2025-11-18/1760450524.json"
"485268","36127","2025-11-19","25.00","AUD","1760450524","101429/2025-11-19/1760450524.json"
"485268","36127","2025-11-21","25.00","AUD","1760450524","101429/2025-11-21/1760450524.json"
"485268","36127","2025-11-20","25.00","AUD","1760450524","101429/2025-11-20/1760450524.json"
"485268","36127","2025-11-22","25.00","AUD","1760450524","101429/2025-11-22/1760450524.json"
"485268","36127","2025-11-23","25.00","AUD","1760450524","101429/2025-11-23/1760450524.json"
"485268","36127","2025-11-25","25.00","AUD","1760450524","101429/2025-11-25/1760450524.json"
"485268","36127","2025-11-26","25.00","AUD","1760450524","101429/2025-11-26/1760450524.json"
"485268","36127","2025-11-27","25.00","AUD","1760450524","101429/2025-11-27/1760450524.json"
"485268","36127","2025-11-28","25.00","AUD","1760450524","101429/2025-11-28/1760450524.json"
"485268","36127","2025-11-24","25.00","AUD","1760450524","101429/2025-11-24/1760450524.json"
"485268","36127","2025-11-30","25.00","AUD","1760450524","101429/2025-11-30/1760450524.json"
"485268","36127","2025-11-29","25.00","AUD","1760450524","101429/2025-11-29/1760450524.json"
"485273","36129","2025-10-16","25.00","AUD","1760461884","101429/2025-10-16/1760461884.json"
"485268","36127","2025-10-16","25.00","AUD","1760461884","101429/2025-10-16/1760461884.json"
"485273","36129","2025-10-17","25.00","AUD","1760461884","101429/2025-10-17/1760461884.json"
"485268","36127","2025-10-17","25.00","AUD","1760461884","101429/2025-10-17/1760461884.json"
"485273","36129","2025-10-15","25.00","AUD","1760461884","101429/2025-10-15/1760461884.json"
"485268","36127","2025-10-15","25.00","AUD","1760461884","101429/2025-10-15/1760461884.json"
"485273","36129","2025-10-18","25.00","AUD","1760461884","101429/2025-10-18/1760461884.json"
"485268","36127","2025-10-18","25.00","AUD","1760461884","101429/2025-10-18/1760461884.json"
"485273","36129","2025-10-19","25.00","AUD","1760461884","101429/2025-10-19/1760461884.json"
"485268","36127","2025-10-19","25.00","AUD","1760461884","101429/2025-10-19/1760461884.json"
"485273","36129","2025-10-21","25.00","AUD","1760461884","101429/2025-10-21/1760461884.json"
"485268","36127","2025-10-21","25.00","AUD","1760461884","101429/2025-10-21/1760461884.json"
"485273","36129","2025-10-20","25.00","AUD","1760461884","101429/2025-10-20/1760461884.json"
"485268","36127","2025-10-20","25.00","AUD","1760461884","101429/2025-10-20/1760461884.json"
"485273","36129","2025-10-22","25.00","AUD","1760461884","101429/2025-10-22/1760461884.json"
"485268","36127","2025-10-22","25.00","AUD","1760461884","101429/2025-10-22/1760461884.json"
"485273","36129","2025-10-23","25.00","AUD","1760461884","101429/2025-10-23/1760461884.json"
"485268","36127","2025-10-23","25.00","AUD","1760461884","101429/2025-10-23/1760461884.json"
"485268","36127","2025-10-24","25.00","AUD","1760461884","101429/2025-10-24/1760461884.json"
"485268","36127","2025-10-25","25.00","AUD","1760461884","101429/2025-10-25/1760461884.json"
"485268","36127","2025-10-26","25.00","AUD","1760461884","101429/2025-10-26/1760461884.json"
"485268","36127","2025-10-27","25.00","AUD","1760461884","101429/2025-10-27/1760461884.json"
"485268","36127","2025-10-28","25.00","AUD","1760461884","101429/2025-10-28/1760461884.json"
"485268","36127","2025-10-29","25.00","AUD","1760461884","101429/2025-10-29/1760461884.json"
"485268","36127","2025-10-30","25.00","AUD","1760461884","101429/2025-10-30/1760461884.json"
"485268","36127","2025-10-31","25.00","AUD","1760461884","101429/2025-10-31/1760461884.json"
"485268","36127","2025-11-01","25.00","AUD","1760461884","101429/2025-11-01/1760461884.json"
"485268","36127","2025-11-02","25.00","AUD","1760461884","101429/2025-11-02/1760461884.json"
"485268","36127","2025-11-03","25.00","AUD","1760461884","101429/2025-11-03/1760461884.json"
"485268","36127","2025-11-04","25.00","AUD","1760461884","101429/2025-11-04/1760461884.json"
"485268","36127","2025-11-05","25.00","AUD","1760461884","101429/2025-11-05/1760461884.json"
"485268","36127","2025-11-06","25.00","AUD","1760461884","101429/2025-11-06/1760461884.json"
"485268","36127","2025-11-12","25.00","AUD","1760461884","101429/2025-11-12/1760461884.json"
"485268","36127","2025-11-11","25.00","AUD","1760461884","101429/2025-11-11/1760461884.json"
"485268","36127","2025-11-13","25.00","AUD","1760461884","101429/2025-11-13/1760461884.json"
"485268","36127","2025-11-14","25.00","AUD","1760461884","101429/2025-11-14/1760461884.json"
"485268","36127","2025-11-15","25.00","AUD","1760461884","101429/2025-11-15/1760461884.json"
"485268","36127","2025-11-16","25.00","AUD","1760461884","101429/2025-11-16/1760461884.json"
"485268","36127","2025-11-17","25.00","AUD","1760461884","101429/2025-11-17/1760461884.json"
"485268","36127","2025-11-18","25.00","AUD","1760461884","101429/2025-11-18/1760461884.json"
"485268","36127","2025-11-20","25.00","AUD","1760461884","101429/2025-11-20/1760461884.json"
"485268","36127","2025-11-21","25.00","AUD","1760461884","101429/2025-11-21/1760461884.json"
"485268","36127","2025-11-19","25.00","AUD","1760461884","101429/2025-11-19/1760461884.json"
"485268","36127","2025-11-22","25.00","AUD","1760461884","101429/2025-11-22/1760461884.json"
"485268","36127","2025-11-23","25.00","AUD","1760461884","101429/2025-11-23/1760461884.json"
"485268","36127","2025-11-24","25.00","AUD","1760461884","101429/2025-11-24/1760461884.json"
"485268","36127","2025-11-25","25.00","AUD","1760461884","101429/2025-11-25/1760461884.json"
"485268","36127","2025-11-26","25.00","AUD","1760461884","101429/2025-11-26/1760461884.json"
"485268","36127","2025-11-27","25.00","AUD","1760461884","101429/2025-11-27/1760461884.json"
"485268","36127","2025-11-29","25.00","AUD","1760461884","101429/2025-11-29/1760461884.json"
"485268","36127","2025-11-28","25.00","AUD","1760461884","101429/2025-11-28/1760461884.json"
"485268","36127","2025-11-30","25.00","AUD","1760461884","101429/2025-11-30/1760461884.json"
"485273","36129","2025-10-16","25.00","AUD","1760475610","101429/2025-10-16/1760475610.json"
"485268","36127","2025-10-16","25.00","AUD","1760475610","101429/2025-10-16/1760475610.json"
"485273","36129","2025-10-17","25.00","AUD","1760475610","101429/2025-10-17/1760475610.json"
"485268","36127","2025-10-17","25.00","AUD","1760475610","101429/2025-10-17/1760475610.json"
"485273","36129","2025-10-18","25.00","AUD","1760475610","101429/2025-10-18/1760475610.json"
"485268","36127","2025-10-18","25.00","AUD","1760475610","101429/2025-10-18/1760475610.json"
"485273","36129","2025-10-19","25.00","AUD","1760475610","101429/2025-10-19/1760475610.json"
"485268","36127","2025-10-19","25.00","AUD","1760475610","101429/2025-10-19/1760475610.json"
"485273","36129","2025-10-20","25.00","AUD","1760475610","101429/2025-10-20/1760475610.json"
"485268","36127","2025-10-20","25.00","AUD","1760475610","101429/2025-10-20/1760475610.json"
"485273","36129","2025-10-21","25.00","AUD","1760475610","101429/2025-10-21/1760475610.json"
"485268","36127","2025-10-21","25.00","AUD","1760475610","101429/2025-10-21/1760475610.json"
"485273","36129","2025-10-22","25.00","AUD","1760475610","101429/2025-10-22/1760475610.json"
"485268","36127","2025-10-22","25.00","AUD","1760475610","101429/2025-10-22/1760475610.json"
"485273","36129","2025-10-15","25.00","AUD","1760475610","101429/2025-10-15/1760475610.json"
"485268","36127","2025-10-15","25.00","AUD","1760475610","101429/2025-10-15/1760475610.json"
"485273","36129","2025-10-23","25.00","AUD","1760475610","101429/2025-10-23/1760475610.json"
"485268","36127","2025-10-23","25.00","AUD","1760475610","101429/2025-10-23/1760475610.json"
"485268","36127","2025-10-24","25.00","AUD","1760475610","101429/2025-10-24/1760475610.json"
"485268","36127","2025-10-26","25.00","AUD","1760475610","101429/2025-10-26/1760475610.json"
"485268","36127","2025-10-27","25.00","AUD","1760475610","101429/2025-10-27/1760475610.json"
"485268","36127","2025-10-25","25.00","AUD","1760475610","101429/2025-10-25/1760475610.json"
"485268","36127","2025-10-29","25.00","AUD","1760475610","101429/2025-10-29/1760475610.json"
"485268","36127","2025-10-28","25.00","AUD","1760475610","101429/2025-10-28/1760475610.json"
"485268","36127","2025-10-31","25.00","AUD","1760475610","101429/2025-10-31/1760475610.json"
"485268","36127","2025-10-30","25.00","AUD","1760475610","101429/2025-10-30/1760475610.json"
"485268","36127","2025-11-01","25.00","AUD","1760475610","101429/2025-11-01/1760475610.json"
"485268","36127","2025-11-02","25.00","AUD","1760475610","101429/2025-11-02/1760475610.json"
"485268","36127","2025-11-03","25.00","AUD","1760475610","101429/2025-11-03/1760475610.json"
"485268","36127","2025-11-04","25.00","AUD","1760475610","101429/2025-11-04/1760475610.json"
"485268","36127","2025-11-05","25.00","AUD","1760475610","101429/2025-11-05/1760475610.json"
"485268","36127","2025-11-06","25.00","AUD","1760475610","101429/2025-11-06/1760475610.json"
"485268","36127","2025-11-11","25.00","AUD","1760475610","101429/2025-11-11/1760475610.json"
"485268","36127","2025-11-12","25.00","AUD","1760475610","101429/2025-11-12/1760475610.json"
"485268","36127","2025-11-13","25.00","AUD","1760475610","101429/2025-11-13/1760475610.json"
"485268","36127","2025-11-15","25.00","AUD","1760475610","101429/2025-11-15/1760475610.json"
"485268","36127","2025-11-14","25.00","AUD","1760475610","101429/2025-11-14/1760475610.json"
"485268","36127","2025-11-17","25.00","AUD","1760475610","101429/2025-11-17/1760475610.json"
"485268","36127","2025-11-16","25.00","AUD","1760475610","101429/2025-11-16/1760475610.json"
"485268","36127","2025-11-18","25.00","AUD","1760475610","101429/2025-11-18/1760475610.json"
"485268","36127","2025-11-19","25.00","AUD","1760475610","101429/2025-11-19/1760475610.json"
"485268","36127","2025-11-21","25.00","AUD","1760475610","101429/2025-11-21/1760475610.json"
"485268","36127","2025-11-23","25.00","AUD","1760475610","101429/2025-11-23/1760475610.json"
"485268","36127","2025-11-22","25.00","AUD","1760475610","101429/2025-11-22/1760475610.json"
"485268","36127","2025-11-20","25.00","AUD","1760475610","101429/2025-11-20/1760475610.json"
"485268","36127","2025-11-24","25.00","AUD","1760475610","101429/2025-11-24/1760475610.json"
"485268","36127","2025-11-25","25.00","AUD","1760475610","101429/2025-11-25/1760475610.json"
"485268","36127","2025-11-26","25.00","AUD","1760475610","101429/2025-11-26/1760475610.json"
"485268","36127","2025-11-28","25.00","AUD","1760475610","101429/2025-11-28/1760475610.json"
"485268","36127","2025-11-27","25.00","AUD","1760475610","101429/2025-11-27/1760475610.json"
"485268","36127","2025-11-30","25.00","AUD","1760475610","101429/2025-11-30/1760475610.json"
"485268","36127","2025-11-29","25.00","AUD","1760475610","101429/2025-11-29/1760475610.json"
"485273","36129","2025-10-17","25.00","AUD","1760499378","101429/2025-10-17/1760499378.json"
"485268","36127","2025-10-17","25.00","AUD","1760499378","101429/2025-10-17/1760499378.json"
"485273","36129","2025-10-18","25.00","AUD","1760499378","101429/2025-10-18/1760499378.json"
"485268","36127","2025-10-18","25.00","AUD","1760499378","101429/2025-10-18/1760499378.json"
"485273","36129","2025-10-15","25.00","AUD","1760499378","101429/2025-10-15/1760499378.json"
"485268","36127","2025-10-15","25.00","AUD","1760499378","101429/2025-10-15/1760499378.json"
"485273","36129","2025-10-16","25.00","AUD","1760499378","101429/2025-10-16/1760499378.json"
"485268","36127","2025-10-16","25.00","AUD","1760499378","101429/2025-10-16/1760499378.json"
"485273","36129","2025-10-21","25.00","AUD","1760499378","101429/2025-10-21/1760499378.json"
"485268","36127","2025-10-21","25.00","AUD","1760499378","101429/2025-10-21/1760499378.json"
"485273","36129","2025-10-20","25.00","AUD","1760499378","101429/2025-10-20/1760499378.json"
"485268","36127","2025-10-20","25.00","AUD","1760499378","101429/2025-10-20/1760499378.json"
"485273","36129","2025-10-19","25.00","AUD","1760499378","101429/2025-10-19/1760499378.json"
"485268","36127","2025-10-19","25.00","AUD","1760499378","101429/2025-10-19/1760499378.json"
"485273","36129","2025-10-22","25.00","AUD","1760499378","101429/2025-10-22/1760499378.json"
"485268","36127","2025-10-22","25.00","AUD","1760499378","101429/2025-10-22/1760499378.json"
"485268","36127","2025-10-24","25.00","AUD","1760499378","101429/2025-10-24/1760499378.json"
"485273","36129","2025-10-23","25.00","AUD","1760499378","101429/2025-10-23/1760499378.json"
"485268","36127","2025-10-23","25.00","AUD","1760499378","101429/2025-10-23/1760499378.json"
"485268","36127","2025-10-26","25.00","AUD","1760499378","101429/2025-10-26/1760499378.json"
"485268","36127","2025-10-25","25.00","AUD","1760499378","101429/2025-10-25/1760499378.json"
"485268","36127","2025-10-27","25.00","AUD","1760499378","101429/2025-10-27/1760499378.json"
"485268","36127","2025-10-28","25.00","AUD","1760499378","101429/2025-10-28/1760499378.json"
"485268","36127","2025-10-30","25.00","AUD","1760499378","101429/2025-10-30/1760499378.json"
"485268","36127","2025-10-29","25.00","AUD","1760499378","101429/2025-10-29/1760499378.json"
"485268","36127","2025-11-03","25.00","AUD","1760499378","101429/2025-11-03/1760499378.json"
"485268","36127","2025-10-31","25.00","AUD","1760499378","101429/2025-10-31/1760499378.json"
"485268","36127","2025-11-01","25.00","AUD","1760499378","101429/2025-11-01/1760499378.json"
"485268","36127","2025-11-02","25.00","AUD","1760499378","101429/2025-11-02/1760499378.json"
"485268","36127","2025-11-04","25.00","AUD","1760499378","101429/2025-11-04/1760499378.json"
"485268","36127","2025-11-06","25.00","AUD","1760499378","101429/2025-11-06/1760499378.json"
"485268","36127","2025-11-05","25.00","AUD","1760499378","101429/2025-11-05/1760499378.json"
"485268","36127","2025-11-11","25.00","AUD","1760499378","101429/2025-11-11/1760499378.json"
"485268","36127","2025-11-12","25.00","AUD","1760499378","101429/2025-11-12/1760499378.json"
"485268","36127","2025-11-13","25.00","AUD","1760499378","101429/2025-11-13/1760499378.json"
"485268","36127","2025-11-14","25.00","AUD","1760499378","101429/2025-11-14/1760499378.json"
"485268","36127","2025-11-15","25.00","AUD","1760499378","101429/2025-11-15/1760499378.json"
"485268","36127","2025-11-16","25.00","AUD","1760499378","101429/2025-11-16/1760499378.json"
"485268","36127","2025-11-17","25.00","AUD","1760499378","101429/2025-11-17/1760499378.json"
"485268","36127","2025-11-18","25.00","AUD","1760499378","101429/2025-11-18/1760499378.json"
"485268","36127","2025-11-21","25.00","AUD","1760499378","101429/2025-11-21/1760499378.json"
"485268","36127","2025-11-19","25.00","AUD","1760499378","101429/2025-11-19/1760499378.json"
"485268","36127","2025-11-20","25.00","AUD","1760499378","101429/2025-11-20/1760499378.json"
"485268","36127","2025-11-22","25.00","AUD","1760499378","101429/2025-11-22/1760499378.json"
"485268","36127","2025-11-24","25.00","AUD","1760499378","101429/2025-11-24/1760499378.json"
"485268","36127","2025-11-26","25.00","AUD","1760499378","101429/2025-11-26/1760499378.json"
"485268","36127","2025-11-23","25.00","AUD","1760499378","101429/2025-11-23/1760499378.json"
"485268","36127","2025-11-25","25.00","AUD","1760499378","101429/2025-11-25/1760499378.json"
"485268","36127","2025-11-27","25.00","AUD","1760499378","101429/2025-11-27/1760499378.json"
"485268","36127","2025-11-28","25.00","AUD","1760499378","101429/2025-11-28/1760499378.json"
"485268","36127","2025-11-30","25.00","AUD","1760499378","101429/2025-11-30/1760499378.json"
"485268","36127","2025-11-29","25.00","AUD","1760499378","101429/2025-11-29/1760499378.json"
"485273","36129","2025-10-15","25.00","AUD","1760504670","101429/2025-10-15/1760504670.json"
"485268","36127","2025-10-15","25.00","AUD","1760504670","101429/2025-10-15/1760504670.json"
"485273","36129","2025-10-18","25.00","AUD","1760504670","101429/2025-10-18/1760504670.json"
"485268","36127","2025-10-18","25.00","AUD","1760504670","101429/2025-10-18/1760504670.json"
"485273","36129","2025-10-17","25.00","AUD","1760504670","101429/2025-10-17/1760504670.json"
"485268","36127","2025-10-17","25.00","AUD","1760504670","101429/2025-10-17/1760504670.json"
"485273","36129","2025-10-16","25.00","AUD","1760504670","101429/2025-10-16/1760504670.json"
"485268","36127","2025-10-16","25.00","AUD","1760504670","101429/2025-10-16/1760504670.json"
"485273","36129","2025-10-20","25.00","AUD","1760504670","101429/2025-10-20/1760504670.json"
"485268","36127","2025-10-20","25.00","AUD","1760504670","101429/2025-10-20/1760504670.json"
"485273","36129","2025-10-19","25.00","AUD","1760504670","101429/2025-10-19/1760504670.json"
"485268","36127","2025-10-19","25.00","AUD","1760504670","101429/2025-10-19/1760504670.json"
"485273","36129","2025-10-22","25.00","AUD","1760504670","101429/2025-10-22/1760504670.json"
"485268","36127","2025-10-22","25.00","AUD","1760504670","101429/2025-10-22/1760504670.json"
"485273","36129","2025-10-21","25.00","AUD","1760504670","101429/2025-10-21/1760504670.json"
"485268","36127","2025-10-21","25.00","AUD","1760504670","101429/2025-10-21/1760504670.json"
"485273","36129","2025-10-23","25.00","AUD","1760504670","101429/2025-10-23/1760504670.json"
"485268","36127","2025-10-23","25.00","AUD","1760504670","101429/2025-10-23/1760504670.json"
"485268","36127","2025-10-24","25.00","AUD","1760504670","101429/2025-10-24/1760504670.json"
"485268","36127","2025-10-25","25.00","AUD","1760504670","101429/2025-10-25/1760504670.json"
"485268","36127","2025-10-26","25.00","AUD","1760504670","101429/2025-10-26/1760504670.json"
"485268","36127","2025-10-27","25.00","AUD","1760504670","101429/2025-10-27/1760504670.json"
"485268","36127","2025-10-28","25.00","AUD","1760504670","101429/2025-10-28/1760504670.json"
"485268","36127","2025-10-29","25.00","AUD","1760504670","101429/2025-10-29/1760504670.json"
"485268","36127","2025-10-30","25.00","AUD","1760504670","101429/2025-10-30/1760504670.json"
"485268","36127","2025-10-31","25.00","AUD","1760504670","101429/2025-10-31/1760504670.json"
"485268","36127","2025-11-03","25.00","AUD","1760504670","101429/2025-11-03/1760504670.json"
"485268","36127","2025-11-01","25.00","AUD","1760504670","101429/2025-11-01/1760504670.json"
"485268","36127","2025-11-02","25.00","AUD","1760504670","101429/2025-11-02/1760504670.json"
"485268","36127","2025-11-04","25.00","AUD","1760504670","101429/2025-11-04/1760504670.json"
"485268","36127","2025-11-05","25.00","AUD","1760504670","101429/2025-11-05/1760504670.json"
"485268","36127","2025-11-06","25.00","AUD","1760504670","101429/2025-11-06/1760504670.json"
"485268","36127","2025-11-11","25.00","AUD","1760504670","101429/2025-11-11/1760504670.json"
"485268","36127","2025-11-13","25.00","AUD","1760504670","101429/2025-11-13/1760504670.json"
"485268","36127","2025-11-12","25.00","AUD","1760504670","101429/2025-11-12/1760504670.json"
"485268","36127","2025-11-15","25.00","AUD","1760504670","101429/2025-11-15/1760504670.json"
"485268","36127","2025-11-14","25.00","AUD","1760504670","101429/2025-11-14/1760504670.json"
"485268","36127","2025-11-16","25.00","AUD","1760504670","101429/2025-11-16/1760504670.json"
"485268","36127","2025-11-17","25.00","AUD","1760504670","101429/2025-11-17/1760504670.json"
"485268","36127","2025-11-18","25.00","AUD","1760504670","101429/2025-11-18/1760504670.json"
"485268","36127","2025-11-19","25.00","AUD","1760504670","101429/2025-11-19/1760504670.json"
"485268","36127","2025-11-20","25.00","AUD","1760504670","101429/2025-11-20/1760504670.json"
"485268","36127","2025-11-22","25.00","AUD","1760504670","101429/2025-11-22/1760504670.json"
"485268","36127","2025-11-23","25.00","AUD","1760504670","101429/2025-11-23/1760504670.json"
"485268","36127","2025-11-21","25.00","AUD","1760504670","101429/2025-11-21/1760504670.json"
"485268","36127","2025-11-25","25.00","AUD","1760504670","101429/2025-11-25/1760504670.json"
"485268","36127","2025-11-24","25.00","AUD","1760504670","101429/2025-11-24/1760504670.json"
"485268","36127","2025-11-26","25.00","AUD","1760504670","101429/2025-11-26/1760504670.json"
"485268","36127","2025-11-27","25.00","AUD","1760504670","101429/2025-11-27/1760504670.json"
"485268","36127","2025-11-28","25.00","AUD","1760504670","101429/2025-11-28/1760504670.json"
"485268","36127","2025-11-29","25.00","AUD","1760504670","101429/2025-11-29/1760504670.json"
"485268","36127","2025-11-30","25.00","AUD","1760504670","101429/2025-11-30/1760504670.json"
"485273","36129","2025-10-16","25.00","AUD","1760519779","101429/2025-10-16/1760519779.json"
"485268","36127","2025-10-16","25.00","AUD","1760519779","101429/2025-10-16/1760519779.json"
"485273","36129","2025-10-18","25.00","AUD","1760519779","101429/2025-10-18/1760519779.json"
"485268","36127","2025-10-18","25.00","AUD","1760519779","101429/2025-10-18/1760519779.json"
"485273","36129","2025-10-17","25.00","AUD","1760519779","101429/2025-10-17/1760519779.json"
"485268","36127","2025-10-17","25.00","AUD","1760519779","101429/2025-10-17/1760519779.json"
"485273","36129","2025-10-20","25.00","AUD","1760519779","101429/2025-10-20/1760519779.json"
"485268","36127","2025-10-20","25.00","AUD","1760519779","101429/2025-10-20/1760519779.json"
"485273","36129","2025-10-19","25.00","AUD","1760519779","101429/2025-10-19/1760519779.json"
"485268","36127","2025-10-19","25.00","AUD","1760519779","101429/2025-10-19/1760519779.json"
"485273","36129","2025-10-22","25.00","AUD","1760519779","101429/2025-10-22/1760519779.json"
"485268","36127","2025-10-22","25.00","AUD","1760519779","101429/2025-10-22/1760519779.json"
"485273","36129","2025-10-21","25.00","AUD","1760519779","101429/2025-10-21/1760519779.json"
"485268","36127","2025-10-21","25.00","AUD","1760519779","101429/2025-10-21/1760519779.json"
"485273","36129","2025-10-23","25.00","AUD","1760519779","101429/2025-10-23/1760519779.json"
"485268","36127","2025-10-23","25.00","AUD","1760519779","101429/2025-10-23/1760519779.json"
"485268","36127","2025-10-24","25.00","AUD","1760519779","101429/2025-10-24/1760519779.json"
"485268","36127","2025-10-26","25.00","AUD","1760519779","101429/2025-10-26/1760519779.json"
"485268","36127","2025-10-25","25.00","AUD","1760519779","101429/2025-10-25/1760519779.json"
"485268","36127","2025-10-27","25.00","AUD","1760519779","101429/2025-10-27/1760519779.json"
"485268","36127","2025-10-28","25.00","AUD","1760519779","101429/2025-10-28/1760519779.json"
"485268","36127","2025-10-30","25.00","AUD","1760519779","101429/2025-10-30/1760519779.json"
"485268","36127","2025-10-29","25.00","AUD","1760519779","101429/2025-10-29/1760519779.json"
"485268","36127","2025-10-31","25.00","AUD","1760519779","101429/2025-10-31/1760519779.json"
"485268","36127","2025-11-01","25.00","AUD","1760519779","101429/2025-11-01/1760519779.json"
"485268","36127","2025-11-03","25.00","AUD","1760519779","101429/2025-11-03/1760519779.json"
"485268","36127","2025-11-02","25.00","AUD","1760519779","101429/2025-11-02/1760519779.json"
"485268","36127","2025-11-04","25.00","AUD","1760519779","101429/2025-11-04/1760519779.json"
"485268","36127","2025-11-06","25.00","AUD","1760519779","101429/2025-11-06/1760519779.json"
"485268","36127","2025-11-05","25.00","AUD","1760519779","101429/2025-11-05/1760519779.json"
"485268","36127","2025-11-11","25.00","AUD","1760519779","101429/2025-11-11/1760519779.json"
"485268","36127","2025-11-12","25.00","AUD","1760519779","101429/2025-11-12/1760519779.json"
"485268","36127","2025-11-13","25.00","AUD","1760519779","101429/2025-11-13/1760519779.json"
"485268","36127","2025-11-15","25.00","AUD","1760519779","101429/2025-11-15/1760519779.json"
"485268","36127","2025-11-14","25.00","AUD","1760519779","101429/2025-11-14/1760519779.json"
"485268","36127","2025-11-16","25.00","AUD","1760519779","101429/2025-11-16/1760519779.json"
"485268","36127","2025-11-18","25.00","AUD","1760519779","101429/2025-11-18/1760519779.json"
"485268","36127","2025-11-19","25.00","AUD","1760519779","101429/2025-11-19/1760519779.json"
"485268","36127","2025-11-17","25.00","AUD","1760519779","101429/2025-11-17/1760519779.json"
"485268","36127","2025-11-20","25.00","AUD","1760519779","101429/2025-11-20/1760519779.json"
"485268","36127","2025-11-22","25.00","AUD","1760519779","101429/2025-11-22/1760519779.json"
"485268","36127","2025-11-23","25.00","AUD","1760519779","101429/2025-11-23/1760519779.json"
"485268","36127","2025-11-21","25.00","AUD","1760519779","101429/2025-11-21/1760519779.json"
"485268","36127","2025-11-24","25.00","AUD","1760519779","101429/2025-11-24/1760519779.json"
"485268","36127","2025-11-25","25.00","AUD","1760519779","101429/2025-11-25/1760519779.json"
"485268","36127","2025-11-26","25.00","AUD","1760519779","101429/2025-11-26/1760519779.json"
"485268","36127","2025-11-27","25.00","AUD","1760519779","101429/2025-11-27/1760519779.json"
"485268","36127","2025-11-28","25.00","AUD","1760519779","101429/2025-11-28/1760519779.json"
"485268","36127","2025-11-29","25.00","AUD","1760519779","101429/2025-11-29/1760519779.json"
"485268","36127","2025-11-30","25.00","AUD","1760519779","101429/2025-11-30/1760519779.json"
"485273","36129","2025-10-16","25.00","AUD","1760537289","101429/2025-10-16/1760537289.json"
"485268","36127","2025-10-16","25.00","AUD","1760537289","101429/2025-10-16/1760537289.json"
"485273","36129","2025-10-17","25.00","AUD","1760537289","101429/2025-10-17/1760537289.json"
"485273","36129","2025-10-18","25.00","AUD","1760537289","101429/2025-10-18/1760537289.json"
"485268","36127","2025-10-18","25.00","AUD","1760537289","101429/2025-10-18/1760537289.json"
"485273","36129","2025-10-19","25.00","AUD","1760537289","101429/2025-10-19/1760537289.json"
"485268","36127","2025-10-19","25.00","AUD","1760537289","101429/2025-10-19/1760537289.json"
"485273","36129","2025-10-21","25.00","AUD","1760537289","101429/2025-10-21/1760537289.json"
"485268","36127","2025-10-21","25.00","AUD","1760537289","101429/2025-10-21/1760537289.json"
"485273","36129","2025-10-22","25.00","AUD","1760537289","101429/2025-10-22/1760537289.json"
"485268","36127","2025-10-22","25.00","AUD","1760537289","101429/2025-10-22/1760537289.json"
"485273","36129","2025-10-20","25.00","AUD","1760537289","101429/2025-10-20/1760537289.json"
"485268","36127","2025-10-20","25.00","AUD","1760537289","101429/2025-10-20/1760537289.json"
"485273","36129","2025-10-23","25.00","AUD","1760537289","101429/2025-10-23/1760537289.json"
"485268","36127","2025-10-23","25.00","AUD","1760537289","101429/2025-10-23/1760537289.json"
"485268","36127","2025-10-24","25.00","AUD","1760537289","101429/2025-10-24/1760537289.json"
"485268","36127","2025-10-25","25.00","AUD","1760537289","101429/2025-10-25/1760537289.json"
"485268","36127","2025-10-27","25.00","AUD","1760537289","101429/2025-10-27/1760537289.json"
"485268","36127","2025-10-26","25.00","AUD","1760537289","101429/2025-10-26/1760537289.json"
"485268","36127","2025-10-28","25.00","AUD","1760537289","101429/2025-10-28/1760537289.json"
"485268","36127","2025-10-31","25.00","AUD","1760537289","101429/2025-10-31/1760537289.json"
"485268","36127","2025-10-30","25.00","AUD","1760537289","101429/2025-10-30/1760537289.json"
"485268","36127","2025-10-29","25.00","AUD","1760537289","101429/2025-10-29/1760537289.json"
"485268","36127","2025-11-01","25.00","AUD","1760537289","101429/2025-11-01/1760537289.json"
"485268","36127","2025-11-02","25.00","AUD","1760537289","101429/2025-11-02/1760537289.json"
"485268","36127","2025-11-03","25.00","AUD","1760537289","101429/2025-11-03/1760537289.json"
"485268","36127","2025-11-06","25.00","AUD","1760537289","101429/2025-11-06/1760537289.json"
"485268","36127","2025-11-05","25.00","AUD","1760537289","101429/2025-11-05/1760537289.json"
"485268","36127","2025-11-04","25.00","AUD","1760537289","101429/2025-11-04/1760537289.json"
"485268","36127","2025-11-12","25.00","AUD","1760537289","101429/2025-11-12/1760537289.json"
"485268","36127","2025-11-14","25.00","AUD","1760537289","101429/2025-11-14/1760537289.json"
"485268","36127","2025-11-13","25.00","AUD","1760537289","101429/2025-11-13/1760537289.json"
"485268","36127","2025-11-11","25.00","AUD","1760537289","101429/2025-11-11/1760537289.json"
"485268","36127","2025-11-15","25.00","AUD","1760537289","101429/2025-11-15/1760537289.json"
"485268","36127","2025-11-16","25.00","AUD","1760537289","101429/2025-11-16/1760537289.json"
"485268","36127","2025-11-18","25.00","AUD","1760537289","101429/2025-11-18/1760537289.json"
"485268","36127","2025-11-17","25.00","AUD","1760537289","101429/2025-11-17/1760537289.json"
"485268","36127","2025-11-20","25.00","AUD","1760537289","101429/2025-11-20/1760537289.json"
"485268","36127","2025-11-19","25.00","AUD","1760537289","101429/2025-11-19/1760537289.json"
"485268","36127","2025-11-21","25.00","AUD","1760537289","101429/2025-11-21/1760537289.json"
"485268","36127","2025-11-22","25.00","AUD","1760537289","101429/2025-11-22/1760537289.json"
"485268","36127","2025-11-23","25.00","AUD","1760537289","101429/2025-11-23/1760537289.json"
"485268","36127","2025-11-24","25.00","AUD","1760537289","101429/2025-11-24/1760537289.json"
"485268","36127","2025-11-25","25.00","AUD","1760537289","101429/2025-11-25/1760537289.json"
"485268","36127","2025-11-26","25.00","AUD","1760537289","101429/2025-11-26/1760537289.json"
"485268","36127","2025-11-27","25.00","AUD","1760537289","101429/2025-11-27/1760537289.json"
"485268","36127","2025-11-29","25.00","AUD","1760537289","101429/2025-11-29/1760537289.json"
"485268","36127","2025-11-28","25.00","AUD","1760537289","101429/2025-11-28/1760537289.json"
"485268","36127","2025-11-30","25.00","AUD","1760537289","101429/2025-11-30/1760537289.json"
"485273","36129","2025-10-18","25.00","AUD","1760548203","101429/2025-10-18/1760548203.json"
"485268","36127","2025-10-18","25.00","AUD","1760548203","101429/2025-10-18/1760548203.json"
"485273","36129","2025-10-19","25.00","AUD","1760548203","101429/2025-10-19/1760548203.json"
"485268","36127","2025-10-19","25.00","AUD","1760548203","101429/2025-10-19/1760548203.json"
"485273","36129","2025-10-17","25.00","AUD","1760548203","101429/2025-10-17/1760548203.json"
"485273","36129","2025-10-16","25.00","AUD","1760548203","101429/2025-10-16/1760548203.json"
"485268","36127","2025-10-16","25.00","AUD","1760548203","101429/2025-10-16/1760548203.json"
"485273","36129","2025-10-20","25.00","AUD","1760548203","101429/2025-10-20/1760548203.json"
"485268","36127","2025-10-20","25.00","AUD","1760548203","101429/2025-10-20/1760548203.json"
"485273","36129","2025-10-21","25.00","AUD","1760548203","101429/2025-10-21/1760548203.json"
"485268","36127","2025-10-21","25.00","AUD","1760548203","101429/2025-10-21/1760548203.json"
"485273","36129","2025-10-22","25.00","AUD","1760548203","101429/2025-10-22/1760548203.json"
"485268","36127","2025-10-22","25.00","AUD","1760548203","101429/2025-10-22/1760548203.json"
"485273","36129","2025-10-23","25.00","AUD","1760548203","101429/2025-10-23/1760548203.json"
"485268","36127","2025-10-23","25.00","AUD","1760548203","101429/2025-10-23/1760548203.json"
"485268","36127","2025-10-24","25.00","AUD","1760548203","101429/2025-10-24/1760548203.json"
"485268","36127","2025-10-25","25.00","AUD","1760548203","101429/2025-10-25/1760548203.json"
"485268","36127","2025-10-26","25.00","AUD","1760548203","101429/2025-10-26/1760548203.json"
"485268","36127","2025-10-27","25.00","AUD","1760548203","101429/2025-10-27/1760548203.json"
"485268","36127","2025-10-28","25.00","AUD","1760548203","101429/2025-10-28/1760548203.json"
"485268","36127","2025-10-29","25.00","AUD","1760548203","101429/2025-10-29/1760548203.json"
"485268","36127","2025-10-30","25.00","AUD","1760548203","101429/2025-10-30/1760548203.json"
"485268","36127","2025-10-31","25.00","AUD","1760548203","101429/2025-10-31/1760548203.json"
"485268","36127","2025-11-02","25.00","AUD","1760548203","101429/2025-11-02/1760548203.json"
"485268","36127","2025-11-01","25.00","AUD","1760548203","101429/2025-11-01/1760548203.json"
"485268","36127","2025-11-03","25.00","AUD","1760548203","101429/2025-11-03/1760548203.json"
"485268","36127","2025-11-06","25.00","AUD","1760548203","101429/2025-11-06/1760548203.json"
"485268","36127","2025-11-04","25.00","AUD","1760548203","101429/2025-11-04/1760548203.json"
"485268","36127","2025-11-05","25.00","AUD","1760548203","101429/2025-11-05/1760548203.json"
"485268","36127","2025-11-11","25.00","AUD","1760548203","101429/2025-11-11/1760548203.json"
"485268","36127","2025-11-14","25.00","AUD","1760548203","101429/2025-11-14/1760548203.json"
"485268","36127","2025-11-13","25.00","AUD","1760548203","101429/2025-11-13/1760548203.json"
"485268","36127","2025-11-15","25.00","AUD","1760548203","101429/2025-11-15/1760548203.json"
"485268","36127","2025-11-12","25.00","AUD","1760548203","101429/2025-11-12/1760548203.json"
"485268","36127","2025-11-16","25.00","AUD","1760548203","101429/2025-11-16/1760548203.json"
"485268","36127","2025-11-18","25.00","AUD","1760548203","101429/2025-11-18/1760548203.json"
"485268","36127","2025-11-17","25.00","AUD","1760548203","101429/2025-11-17/1760548203.json"
"485268","36127","2025-11-19","25.00","AUD","1760548203","101429/2025-11-19/1760548203.json"
"485268","36127","2025-11-20","25.00","AUD","1760548203","101429/2025-11-20/1760548203.json"
"485268","36127","2025-11-22","25.00","AUD","1760548203","101429/2025-11-22/1760548203.json"
"485268","36127","2025-11-21","25.00","AUD","1760548203","101429/2025-11-21/1760548203.json"
"485268","36127","2025-11-23","25.00","AUD","1760548203","101429/2025-11-23/1760548203.json"
"485268","36127","2025-11-24","25.00","AUD","1760548203","101429/2025-11-24/1760548203.json"
"485268","36127","2025-11-26","25.00","AUD","1760548203","101429/2025-11-26/1760548203.json"
"485268","36127","2025-11-25","25.00","AUD","1760548203","101429/2025-11-25/1760548203.json"
"485268","36127","2025-11-28","25.00","AUD","1760548203","101429/2025-11-28/1760548203.json"
"485268","36127","2025-11-27","25.00","AUD","1760548203","101429/2025-11-27/1760548203.json"
"485268","36127","2025-11-29","25.00","AUD","1760548203","101429/2025-11-29/1760548203.json"
"485268","36127","2025-11-30","25.00","AUD","1760548203","101429/2025-11-30/1760548203.json"
"485273","36129","2025-10-16","25.00","AUD","1760562103","101429/2025-10-16/1760562103.json"
"485268","36127","2025-10-16","25.00","AUD","1760562103","101429/2025-10-16/1760562103.json"
"485273","36129","2025-10-18","25.00","AUD","1760562103","101429/2025-10-18/1760562103.json"
"485268","36127","2025-10-18","25.00","AUD","1760562103","101429/2025-10-18/1760562103.json"
"485273","36129","2025-10-17","25.00","AUD","1760562103","101429/2025-10-17/1760562103.json"
"485273","36129","2025-10-22","25.00","AUD","1760562103","101429/2025-10-22/1760562103.json"
"485268","36127","2025-10-22","25.00","AUD","1760562103","101429/2025-10-22/1760562103.json"
"485273","36129","2025-10-21","25.00","AUD","1760562103","101429/2025-10-21/1760562103.json"
"485268","36127","2025-10-21","25.00","AUD","1760562103","101429/2025-10-21/1760562103.json"
"485273","36129","2025-10-20","25.00","AUD","1760562103","101429/2025-10-20/1760562103.json"
"485268","36127","2025-10-20","25.00","AUD","1760562103","101429/2025-10-20/1760562103.json"
"485273","36129","2025-10-19","25.00","AUD","1760562103","101429/2025-10-19/1760562103.json"
"485268","36127","2025-10-19","25.00","AUD","1760562103","101429/2025-10-19/1760562103.json"
"485268","36127","2025-10-24","25.00","AUD","1760562103","101429/2025-10-24/1760562103.json"
"485273","36129","2025-10-23","25.00","AUD","1760562103","101429/2025-10-23/1760562103.json"
"485268","36127","2025-10-23","25.00","AUD","1760562103","101429/2025-10-23/1760562103.json"
"485268","36127","2025-10-26","25.00","AUD","1760562103","101429/2025-10-26/1760562103.json"
"485268","36127","2025-10-25","25.00","AUD","1760562103","101429/2025-10-25/1760562103.json"
"485268","36127","2025-10-27","25.00","AUD","1760562103","101429/2025-10-27/1760562103.json"
"485268","36127","2025-10-28","25.00","AUD","1760562103","101429/2025-10-28/1760562103.json"
"485268","36127","2025-10-29","25.00","AUD","1760562103","101429/2025-10-29/1760562103.json"
"485268","36127","2025-10-31","25.00","AUD","1760562103","101429/2025-10-31/1760562103.json"
"485268","36127","2025-10-30","25.00","AUD","1760562103","101429/2025-10-30/1760562103.json"
"485268","36127","2025-11-01","25.00","AUD","1760562103","101429/2025-11-01/1760562103.json"
"485268","36127","2025-11-03","25.00","AUD","1760562103","101429/2025-11-03/1760562103.json"
"485268","36127","2025-11-02","25.00","AUD","1760562103","101429/2025-11-02/1760562103.json"
"485268","36127","2025-11-04","25.00","AUD","1760562103","101429/2025-11-04/1760562103.json"
"485268","36127","2025-11-05","25.00","AUD","1760562103","101429/2025-11-05/1760562103.json"
"485268","36127","2025-11-06","25.00","AUD","1760562103","101429/2025-11-06/1760562103.json"
"485268","36127","2025-11-12","25.00","AUD","1760562103","101429/2025-11-12/1760562103.json"
"485268","36127","2025-11-11","25.00","AUD","1760562103","101429/2025-11-11/1760562103.json"
"485268","36127","2025-11-13","25.00","AUD","1760562103","101429/2025-11-13/1760562103.json"
"485268","36127","2025-11-15","25.00","AUD","1760562103","101429/2025-11-15/1760562103.json"
"485268","36127","2025-11-14","25.00","AUD","1760562103","101429/2025-11-14/1760562103.json"
"485268","36127","2025-11-16","25.00","AUD","1760562103","101429/2025-11-16/1760562103.json"
"485268","36127","2025-11-17","25.00","AUD","1760562103","101429/2025-11-17/1760562103.json"
"485268","36127","2025-11-19","25.00","AUD","1760562103","101429/2025-11-19/1760562103.json"
"485268","36127","2025-11-18","25.00","AUD","1760562103","101429/2025-11-18/1760562103.json"
"485268","36127","2025-11-20","25.00","AUD","1760562103","101429/2025-11-20/1760562103.json"
"485268","36127","2025-11-21","25.00","AUD","1760562103","101429/2025-11-21/1760562103.json"
"485268","36127","2025-11-22","25.00","AUD","1760562103","101429/2025-11-22/1760562103.json"
"485268","36127","2025-11-24","25.00","AUD","1760562103","101429/2025-11-24/1760562103.json"
"485268","36127","2025-11-23","25.00","AUD","1760562103","101429/2025-11-23/1760562103.json"
"485268","36127","2025-11-25","25.00","AUD","1760562103","101429/2025-11-25/1760562103.json"
"485268","36127","2025-11-27","25.00","AUD","1760562103","101429/2025-11-27/1760562103.json"
"485268","36127","2025-11-26","25.00","AUD","1760562103","101429/2025-11-26/1760562103.json"
"485268","36127","2025-11-30","25.00","AUD","1760562103","101429/2025-11-30/1760562103.json"
"485268","36127","2025-11-29","25.00","AUD","1760562103","101429/2025-11-29/1760562103.json"
"485268","36127","2025-11-28","25.00","AUD","1760562103","101429/2025-11-28/1760562103.json"
"485273","36129","2025-10-17","25.00","AUD","1760585702","101429/2025-10-17/1760585702.json"
"485268","36127","2025-10-18","25.00","AUD","1760585702","101429/2025-10-18/1760585702.json"
"485268","36127","2025-10-16","25.00","AUD","1760585702","101429/2025-10-16/1760585702.json"
"485268","36127","2025-10-19","25.00","AUD","1760585702","101429/2025-10-19/1760585702.json"
"485273","36129","2025-10-22","25.00","AUD","1760585702","101429/2025-10-22/1760585702.json"
"485268","36127","2025-10-22","25.00","AUD","1760585702","101429/2025-10-22/1760585702.json"
"485273","36129","2025-10-21","25.00","AUD","1760585702","101429/2025-10-21/1760585702.json"
"485268","36127","2025-10-21","25.00","AUD","1760585702","101429/2025-10-21/1760585702.json"
"485273","36129","2025-10-20","25.00","AUD","1760585702","101429/2025-10-20/1760585702.json"
"485268","36127","2025-10-20","25.00","AUD","1760585702","101429/2025-10-20/1760585702.json"
"485273","36129","2025-10-23","25.00","AUD","1760585702","101429/2025-10-23/1760585702.json"
"485268","36127","2025-10-23","25.00","AUD","1760585702","101429/2025-10-23/1760585702.json"
"485268","36127","2025-10-26","25.00","AUD","1760585702","101429/2025-10-26/1760585702.json"
"485268","36127","2025-10-25","25.00","AUD","1760585702","101429/2025-10-25/1760585702.json"
"485268","36127","2025-10-24","25.00","AUD","1760585702","101429/2025-10-24/1760585702.json"
"485268","36127","2025-10-27","25.00","AUD","1760585702","101429/2025-10-27/1760585702.json"
"485268","36127","2025-10-28","25.00","AUD","1760585702","101429/2025-10-28/1760585702.json"
"485268","36127","2025-10-29","25.00","AUD","1760585702","101429/2025-10-29/1760585702.json"
"485268","36127","2025-10-30","25.00","AUD","1760585702","101429/2025-10-30/1760585702.json"
"485268","36127","2025-10-31","25.00","AUD","1760585702","101429/2025-10-31/1760585702.json"
"485268","36127","2025-11-01","25.00","AUD","1760585702","101429/2025-11-01/1760585702.json"
"485268","36127","2025-11-03","25.00","AUD","1760585702","101429/2025-11-03/1760585702.json"
"485268","36127","2025-11-04","25.00","AUD","1760585702","101429/2025-11-04/1760585702.json"
"485268","36127","2025-11-02","25.00","AUD","1760585702","101429/2025-11-02/1760585702.json"
"485268","36127","2025-11-05","25.00","AUD","1760585702","101429/2025-11-05/1760585702.json"
"485268","36127","2025-11-06","25.00","AUD","1760585702","101429/2025-11-06/1760585702.json"
"485268","36127","2025-11-11","25.00","AUD","1760585702","101429/2025-11-11/1760585702.json"
"485268","36127","2025-11-12","25.00","AUD","1760585702","101429/2025-11-12/1760585702.json"
"485268","36127","2025-11-13","25.00","AUD","1760585702","101429/2025-11-13/1760585702.json"
"485268","36127","2025-11-14","25.00","AUD","1760585702","101429/2025-11-14/1760585702.json"
"485268","36127","2025-11-15","25.00","AUD","1760585702","101429/2025-11-15/1760585702.json"
"485268","36127","2025-11-16","25.00","AUD","1760585702","101429/2025-11-16/1760585702.json"
"485268","36127","2025-11-17","25.00","AUD","1760585702","101429/2025-11-17/1760585702.json"
"485268","36127","2025-11-18","25.00","AUD","1760585702","101429/2025-11-18/1760585702.json"
"485268","36127","2025-11-19","25.00","AUD","1760585702","101429/2025-11-19/1760585702.json"
"485268","36127","2025-11-21","25.00","AUD","1760585702","101429/2025-11-21/1760585702.json"
"485268","36127","2025-11-20","25.00","AUD","1760585702","101429/2025-11-20/1760585702.json"
"485268","36127","2025-11-22","25.00","AUD","1760585702","101429/2025-11-22/1760585702.json"
"485268","36127","2025-11-24","25.00","AUD","1760585702","101429/2025-11-24/1760585702.json"
"485268","36127","2025-11-25","25.00","AUD","1760585702","101429/2025-11-25/1760585702.json"
"485268","36127","2025-11-26","25.00","AUD","1760585702","101429/2025-11-26/1760585702.json"
"485268","36127","2025-11-28","25.00","AUD","1760585702","101429/2025-11-28/1760585702.json"
"485268","36127","2025-11-27","25.00","AUD","1760585702","101429/2025-11-27/1760585702.json"
"485268","36127","2025-11-30","25.00","AUD","1760585702","101429/2025-11-30/1760585702.json"
"485268","36127","2025-11-29","25.00","AUD","1760585702","101429/2025-11-29/1760585702.json"
"485268","36127","2025-11-23","25.00","AUD","1760585702","101429/2025-11-23/1760585702.json"
"485268","36127","2025-10-19","25.00","AUD","1760590952","101429/2025-10-19/1760590952.json"
"485268","36127","2025-10-18","25.00","AUD","1760590952","101429/2025-10-18/1760590952.json"
"485273","36129","2025-10-17","25.00","AUD","1760590952","101429/2025-10-17/1760590952.json"
"485268","36127","2025-10-16","25.00","AUD","1760590952","101429/2025-10-16/1760590952.json"
"485273","36129","2025-10-22","25.00","AUD","1760590952","101429/2025-10-22/1760590952.json"
"485273","36129","2025-10-21","25.00","AUD","1760590952","101429/2025-10-21/1760590952.json"
"485268","36127","2025-10-22","25.00","AUD","1760590952","101429/2025-10-22/1760590952.json"
"485268","36127","2025-10-21","25.00","AUD","1760590952","101429/2025-10-21/1760590952.json"
"485273","36129","2025-10-23","25.00","AUD","1760590952","101429/2025-10-23/1760590952.json"
"485273","36129","2025-10-20","25.00","AUD","1760590952","101429/2025-10-20/1760590952.json"
"485268","36127","2025-10-23","25.00","AUD","1760590952","101429/2025-10-23/1760590952.json"
"485268","36127","2025-10-20","25.00","AUD","1760590952","101429/2025-10-20/1760590952.json"
"485268","36127","2025-10-24","25.00","AUD","1760590952","101429/2025-10-24/1760590952.json"
"485268","36127","2025-10-27","25.00","AUD","1760590952","101429/2025-10-27/1760590952.json"
"485268","36127","2025-10-26","25.00","AUD","1760590952","101429/2025-10-26/1760590952.json"
"485268","36127","2025-10-25","25.00","AUD","1760590952","101429/2025-10-25/1760590952.json"
"485268","36127","2025-10-28","25.00","AUD","1760590952","101429/2025-10-28/1760590952.json"
"485268","36127","2025-10-29","25.00","AUD","1760590952","101429/2025-10-29/1760590952.json"
"485268","36127","2025-10-30","25.00","AUD","1760590952","101429/2025-10-30/1760590952.json"
"485268","36127","2025-11-01","25.00","AUD","1760590952","101429/2025-11-01/1760590952.json"
"485268","36127","2025-10-31","25.00","AUD","1760590952","101429/2025-10-31/1760590952.json"
"485268","36127","2025-11-02","25.00","AUD","1760590952","101429/2025-11-02/1760590952.json"
"485268","36127","2025-11-03","25.00","AUD","1760590952","101429/2025-11-03/1760590952.json"
"485268","36127","2025-11-06","25.00","AUD","1760590952","101429/2025-11-06/1760590952.json"
"485268","36127","2025-11-04","25.00","AUD","1760590952","101429/2025-11-04/1760590952.json"
"485268","36127","2025-11-05","25.00","AUD","1760590952","101429/2025-11-05/1760590952.json"
"485268","36127","2025-11-11","25.00","AUD","1760590952","101429/2025-11-11/1760590952.json"
"485268","36127","2025-11-12","25.00","AUD","1760590952","101429/2025-11-12/1760590952.json"
"485268","36127","2025-11-13","25.00","AUD","1760590952","101429/2025-11-13/1760590952.json"
"485268","36127","2025-11-14","25.00","AUD","1760590952","101429/2025-11-14/1760590952.json"
"485268","36127","2025-11-15","25.00","AUD","1760590952","101429/2025-11-15/1760590952.json"
"485268","36127","2025-11-16","25.00","AUD","1760590952","101429/2025-11-16/1760590952.json"
"485268","36127","2025-11-17","25.00","AUD","1760590952","101429/2025-11-17/1760590952.json"
"485268","36127","2025-11-18","25.00","AUD","1760590952","101429/2025-11-18/1760590952.json"
"485268","36127","2025-11-20","25.00","AUD","1760590952","101429/2025-11-20/1760590952.json"
"485268","36127","2025-11-21","25.00","AUD","1760590952","101429/2025-11-21/1760590952.json"
"485268","36127","2025-11-22","25.00","AUD","1760590952","101429/2025-11-22/1760590952.json"
"485268","36127","2025-11-23","25.00","AUD","1760590952","101429/2025-11-23/1760590952.json"
"485268","36127","2025-11-24","25.00","AUD","1760590952","101429/2025-11-24/1760590952.json"
"485268","36127","2025-11-25","25.00","AUD","1760590952","101429/2025-11-25/1760590952.json"
"485268","36127","2025-11-26","25.00","AUD","1760590952","101429/2025-11-26/1760590952.json"
"485268","36127","2025-11-27","25.00","AUD","1760590952","101429/2025-11-27/1760590952.json"
"485268","36127","2025-11-28","25.00","AUD","1760590952","101429/2025-11-28/1760590952.json"
"485268","36127","2025-11-29","25.00","AUD","1760590952","101429/2025-11-29/1760590952.json"
"485268","36127","2025-11-19","25.00","AUD","1760590952","101429/2025-11-19/1760590952.json"
"485268","36127","2025-11-30","25.00","AUD","1760590952","101429/2025-11-30/1760590952.json"
"485273","36129","2025-10-17","25.00","AUD","1760606136","101429/2025-10-17/1760606136.json"
"485268","36127","2025-10-18","25.00","AUD","1760606136","101429/2025-10-18/1760606136.json"
"485268","36127","2025-10-19","25.00","AUD","1760606136","101429/2025-10-19/1760606136.json"
"485273","36129","2025-10-20","25.00","AUD","1760606136","101429/2025-10-20/1760606136.json"
"485268","36127","2025-10-20","25.00","AUD","1760606136","101429/2025-10-20/1760606136.json"
"485273","36129","2025-10-22","25.00","AUD","1760606136","101429/2025-10-22/1760606136.json"
"485268","36127","2025-10-22","25.00","AUD","1760606136","101429/2025-10-22/1760606136.json"
"485273","36129","2025-10-23","25.00","AUD","1760606136","101429/2025-10-23/1760606136.json"
"485268","36127","2025-10-23","25.00","AUD","1760606136","101429/2025-10-23/1760606136.json"
"485273","36129","2025-10-21","25.00","AUD","1760606136","101429/2025-10-21/1760606136.json"
"485268","36127","2025-10-21","25.00","AUD","1760606136","101429/2025-10-21/1760606136.json"
"485268","36127","2025-10-25","25.00","AUD","1760606136","101429/2025-10-25/1760606136.json"
"485268","36127","2025-10-24","25.00","AUD","1760606136","101429/2025-10-24/1760606136.json"
"485268","36127","2025-10-26","25.00","AUD","1760606136","101429/2025-10-26/1760606136.json"
"485268","36127","2025-10-27","25.00","AUD","1760606136","101429/2025-10-27/1760606136.json"
"485268","36127","2025-10-29","25.00","AUD","1760606136","101429/2025-10-29/1760606136.json"
"485268","36127","2025-10-28","25.00","AUD","1760606136","101429/2025-10-28/1760606136.json"
"485268","36127","2025-10-30","25.00","AUD","1760606136","101429/2025-10-30/1760606136.json"
"485268","36127","2025-10-31","25.00","AUD","1760606136","101429/2025-10-31/1760606136.json"
"485268","36127","2025-11-01","25.00","AUD","1760606136","101429/2025-11-01/1760606136.json"
"485268","36127","2025-11-02","25.00","AUD","1760606136","101429/2025-11-02/1760606136.json"
"485268","36127","2025-11-03","25.00","AUD","1760606136","101429/2025-11-03/1760606136.json"
"485268","36127","2025-11-04","25.00","AUD","1760606136","101429/2025-11-04/1760606136.json"
"485268","36127","2025-11-05","25.00","AUD","1760606136","101429/2025-11-05/1760606136.json"
"485268","36127","2025-11-06","25.00","AUD","1760606136","101429/2025-11-06/1760606136.json"
"485268","36127","2025-11-11","25.00","AUD","1760606136","101429/2025-11-11/1760606136.json"
"485268","36127","2025-11-12","25.00","AUD","1760606136","101429/2025-11-12/1760606136.json"
"485268","36127","2025-11-14","25.00","AUD","1760606136","101429/2025-11-14/1760606136.json"
"485268","36127","2025-11-13","25.00","AUD","1760606136","101429/2025-11-13/1760606136.json"
"485268","36127","2025-11-15","25.00","AUD","1760606136","101429/2025-11-15/1760606136.json"
"485268","36127","2025-11-16","25.00","AUD","1760606136","101429/2025-11-16/1760606136.json"
"485268","36127","2025-11-18","25.00","AUD","1760606136","101429/2025-11-18/1760606136.json"
"485268","36127","2025-11-17","25.00","AUD","1760606136","101429/2025-11-17/1760606136.json"
"485268","36127","2025-11-19","25.00","AUD","1760606136","101429/2025-11-19/1760606136.json"
"485268","36127","2025-11-20","25.00","AUD","1760606136","101429/2025-11-20/1760606136.json"
"485268","36127","2025-11-21","25.00","AUD","1760606136","101429/2025-11-21/1760606136.json"
"485268","36127","2025-11-22","25.00","AUD","1760606136","101429/2025-11-22/1760606136.json"
"485268","36127","2025-11-23","25.00","AUD","1760606136","101429/2025-11-23/1760606136.json"
"485268","36127","2025-11-24","25.00","AUD","1760606136","101429/2025-11-24/1760606136.json"
"485268","36127","2025-11-26","25.00","AUD","1760606136","101429/2025-11-26/1760606136.json"
"485268","36127","2025-11-27","25.00","AUD","1760606136","101429/2025-11-27/1760606136.json"
"485268","36127","2025-11-28","25.00","AUD","1760606136","101429/2025-11-28/1760606136.json"
"485268","36127","2025-11-25","25.00","AUD","1760606136","101429/2025-11-25/1760606136.json"
"485268","36127","2025-11-30","25.00","AUD","1760606136","101429/2025-11-30/1760606136.json"
"485268","36127","2025-11-29","25.00","AUD","1760606136","101429/2025-11-29/1760606136.json"
"485268","36127","2025-10-18","25.00","AUD","1760623522","101429/2025-10-18/1760623522.json"
"485273","36129","2025-10-17","25.00","AUD","1760623522","101429/2025-10-17/1760623522.json"
"485268","36127","2025-10-19","25.00","AUD","1760623522","101429/2025-10-19/1760623522.json"
"485273","36129","2025-10-20","25.00","AUD","1760623522","101429/2025-10-20/1760623522.json"
"485268","36127","2025-10-20","25.00","AUD","1760623522","101429/2025-10-20/1760623522.json"
"485273","36129","2025-10-21","25.00","AUD","1760623522","101429/2025-10-21/1760623522.json"
"485268","36127","2025-10-21","25.00","AUD","1760623522","101429/2025-10-21/1760623522.json"
"485273","36129","2025-10-22","25.00","AUD","1760623522","101429/2025-10-22/1760623522.json"
"485268","36127","2025-10-22","25.00","AUD","1760623522","101429/2025-10-22/1760623522.json"
"485273","36129","2025-10-23","25.00","AUD","1760623522","101429/2025-10-23/1760623522.json"
"485268","36127","2025-10-23","25.00","AUD","1760623522","101429/2025-10-23/1760623522.json"
"485268","36127","2025-10-24","25.00","AUD","1760623522","101429/2025-10-24/1760623522.json"
"485268","36127","2025-10-27","25.00","AUD","1760623522","101429/2025-10-27/1760623522.json"
"485268","36127","2025-10-25","25.00","AUD","1760623522","101429/2025-10-25/1760623522.json"
"485268","36127","2025-10-26","25.00","AUD","1760623522","101429/2025-10-26/1760623522.json"
"485268","36127","2025-10-28","25.00","AUD","1760623522","101429/2025-10-28/1760623522.json"
"485268","36127","2025-10-29","25.00","AUD","1760623522","101429/2025-10-29/1760623522.json"
"485268","36127","2025-10-30","25.00","AUD","1760623522","101429/2025-10-30/1760623522.json"
"485268","36127","2025-10-31","25.00","AUD","1760623522","101429/2025-10-31/1760623522.json"
"485268","36127","2025-11-01","25.00","AUD","1760623522","101429/2025-11-01/1760623522.json"
"485268","36127","2025-11-02","25.00","AUD","1760623522","101429/2025-11-02/1760623522.json"
"485268","36127","2025-11-03","25.00","AUD","1760623522","101429/2025-11-03/1760623522.json"
"485268","36127","2025-11-04","25.00","AUD","1760623522","101429/2025-11-04/1760623522.json"
"485268","36127","2025-11-05","25.00","AUD","1760623522","101429/2025-11-05/1760623522.json"
"485268","36127","2025-11-06","25.00","AUD","1760623522","101429/2025-11-06/1760623522.json"
"485268","36127","2025-11-12","25.00","AUD","1760623522","101429/2025-11-12/1760623522.json"
"485268","36127","2025-11-11","25.00","AUD","1760623522","101429/2025-11-11/1760623522.json"
"485268","36127","2025-11-13","25.00","AUD","1760623522","101429/2025-11-13/1760623522.json"
"485268","36127","2025-11-14","25.00","AUD","1760623522","101429/2025-11-14/1760623522.json"
"485268","36127","2025-11-15","25.00","AUD","1760623522","101429/2025-11-15/1760623522.json"
"485268","36127","2025-11-16","25.00","AUD","1760623522","101429/2025-11-16/1760623522.json"
"485268","36127","2025-11-17","25.00","AUD","1760623522","101429/2025-11-17/1760623522.json"
"485268","36127","2025-11-18","25.00","AUD","1760623522","101429/2025-11-18/1760623522.json"
"485268","36127","2025-11-19","25.00","AUD","1760623522","101429/2025-11-19/1760623522.json"
"485268","36127","2025-11-20","25.00","AUD","1760623522","101429/2025-11-20/1760623522.json"
"485268","36127","2025-11-21","25.00","AUD","1760623522","101429/2025-11-21/1760623522.json"
"485268","36127","2025-11-22","25.00","AUD","1760623522","101429/2025-11-22/1760623522.json"
"485268","36127","2025-11-23","25.00","AUD","1760623522","101429/2025-11-23/1760623522.json"
"485268","36127","2025-11-24","25.00","AUD","1760623522","101429/2025-11-24/1760623522.json"
"485268","36127","2025-11-25","25.00","AUD","1760623522","101429/2025-11-25/1760623522.json"
"485268","36127","2025-11-26","25.00","AUD","1760623522","101429/2025-11-26/1760623522.json"
"485268","36127","2025-11-27","25.00","AUD","1760623522","101429/2025-11-27/1760623522.json"
"485268","36127","2025-11-28","25.00","AUD","1760623522","101429/2025-11-28/1760623522.json"
"485268","36127","2025-11-29","25.00","AUD","1760623522","101429/2025-11-29/1760623522.json"
"485268","36127","2025-11-30","25.00","AUD","1760623522","101429/2025-11-30/1760623522.json"
"485268","36127","2025-10-18","25.00","AUD","1760634848","101429/2025-10-18/1760634848.json"
"485268","36127","2025-10-19","25.00","AUD","1760634848","101429/2025-10-19/1760634848.json"
"485273","36129","2025-10-17","25.00","AUD","1760634848","101429/2025-10-17/1760634848.json"
"485273","36129","2025-10-20","25.00","AUD","1760634848","101429/2025-10-20/1760634848.json"
"485268","36127","2025-10-20","25.00","AUD","1760634848","101429/2025-10-20/1760634848.json"
"485273","36129","2025-10-23","25.00","AUD","1760634848","101429/2025-10-23/1760634848.json"
"485268","36127","2025-10-23","25.00","AUD","1760634848","101429/2025-10-23/1760634848.json"
"485273","36129","2025-10-22","25.00","AUD","1760634848","101429/2025-10-22/1760634848.json"
"485268","36127","2025-10-22","25.00","AUD","1760634848","101429/2025-10-22/1760634848.json"
"485273","36129","2025-10-21","25.00","AUD","1760634848","101429/2025-10-21/1760634848.json"
"485268","36127","2025-10-21","25.00","AUD","1760634848","101429/2025-10-21/1760634848.json"
"485268","36127","2025-10-24","25.00","AUD","1760634848","101429/2025-10-24/1760634848.json"
"485268","36127","2025-10-28","25.00","AUD","1760634848","101429/2025-10-28/1760634848.json"
"485268","36127","2025-10-26","25.00","AUD","1760634848","101429/2025-10-26/1760634848.json"
"485268","36127","2025-10-25","25.00","AUD","1760634848","101429/2025-10-25/1760634848.json"
"485268","36127","2025-10-27","25.00","AUD","1760634848","101429/2025-10-27/1760634848.json"
"485268","36127","2025-10-30","25.00","AUD","1760634848","101429/2025-10-30/1760634848.json"
"485268","36127","2025-10-31","25.00","AUD","1760634848","101429/2025-10-31/1760634848.json"
"485268","36127","2025-10-29","25.00","AUD","1760634848","101429/2025-10-29/1760634848.json"
"485268","36127","2025-11-01","25.00","AUD","1760634848","101429/2025-11-01/1760634848.json"
"485268","36127","2025-11-03","25.00","AUD","1760634848","101429/2025-11-03/1760634848.json"
"485268","36127","2025-11-02","25.00","AUD","1760634848","101429/2025-11-02/1760634848.json"
"485268","36127","2025-11-05","25.00","AUD","1760634848","101429/2025-11-05/1760634848.json"
"485268","36127","2025-11-04","25.00","AUD","1760634848","101429/2025-11-04/1760634848.json"
"485268","36127","2025-11-06","25.00","AUD","1760634848","101429/2025-11-06/1760634848.json"
"485268","36127","2025-11-11","25.00","AUD","1760634848","101429/2025-11-11/1760634848.json"
"485268","36127","2025-11-12","25.00","AUD","1760634848","101429/2025-11-12/1760634848.json"
"485268","36127","2025-11-13","25.00","AUD","1760634848","101429/2025-11-13/1760634848.json"
"485268","36127","2025-11-14","25.00","AUD","1760634848","101429/2025-11-14/1760634848.json"
"485268","36127","2025-11-15","25.00","AUD","1760634848","101429/2025-11-15/1760634848.json"
"485268","36127","2025-11-17","25.00","AUD","1760634848","101429/2025-11-17/1760634848.json"
"485268","36127","2025-11-16","25.00","AUD","1760634848","101429/2025-11-16/1760634848.json"
"485268","36127","2025-11-18","25.00","AUD","1760634848","101429/2025-11-18/1760634848.json"
"485268","36127","2025-11-21","25.00","AUD","1760634848","101429/2025-11-21/1760634848.json"
"485268","36127","2025-11-20","25.00","AUD","1760634848","101429/2025-11-20/1760634848.json"
"485268","36127","2025-11-19","25.00","AUD","1760634848","101429/2025-11-19/1760634848.json"
"485268","36127","2025-11-22","25.00","AUD","1760634848","101429/2025-11-22/1760634848.json"
"485268","36127","2025-11-24","25.00","AUD","1760634848","101429/2025-11-24/1760634848.json"
"485268","36127","2025-11-26","25.00","AUD","1760634848","101429/2025-11-26/1760634848.json"
"485268","36127","2025-11-25","25.00","AUD","1760634848","101429/2025-11-25/1760634848.json"
"485268","36127","2025-11-23","25.00","AUD","1760634848","101429/2025-11-23/1760634848.json"
"485268","36127","2025-11-27","25.00","AUD","1760634848","101429/2025-11-27/1760634848.json"
"485268","36127","2025-11-28","25.00","AUD","1760634848","101429/2025-11-28/1760634848.json"
"485268","36127","2025-11-29","25.00","AUD","1760634848","101429/2025-11-29/1760634848.json"
"485268","36127","2025-11-30","25.00","AUD","1760634848","101429/2025-11-30/1760634848.json"
"485268","36127","2025-10-19","25.00","AUD","1760648411","101429/2025-10-19/1760648411.json"
"485273","36129","2025-10-17","25.00","AUD","1760648411","101429/2025-10-17/1760648411.json"
"485268","36127","2025-10-18","25.00","AUD","1760648411","101429/2025-10-18/1760648411.json"
"485273","36129","2025-10-20","25.00","AUD","1760648411","101429/2025-10-20/1760648411.json"
"485268","36127","2025-10-20","25.00","AUD","1760648411","101429/2025-10-20/1760648411.json"
"485273","36129","2025-10-22","25.00","AUD","1760648411","101429/2025-10-22/1760648411.json"
"485268","36127","2025-10-22","25.00","AUD","1760648411","101429/2025-10-22/1760648411.json"
"485273","36129","2025-10-21","25.00","AUD","1760648411","101429/2025-10-21/1760648411.json"
"485268","36127","2025-10-21","25.00","AUD","1760648411","101429/2025-10-21/1760648411.json"
"485268","36127","2025-10-24","25.00","AUD","1760648411","101429/2025-10-24/1760648411.json"
"485273","36129","2025-10-23","25.00","AUD","1760648411","101429/2025-10-23/1760648411.json"
"485268","36127","2025-10-23","25.00","AUD","1760648411","101429/2025-10-23/1760648411.json"
"485268","36127","2025-10-26","25.00","AUD","1760648411","101429/2025-10-26/1760648411.json"
"485268","36127","2025-10-25","25.00","AUD","1760648411","101429/2025-10-25/1760648411.json"
"485268","36127","2025-10-27","25.00","AUD","1760648411","101429/2025-10-27/1760648411.json"
"485268","36127","2025-10-28","25.00","AUD","1760648411","101429/2025-10-28/1760648411.json"
"485268","36127","2025-10-30","25.00","AUD","1760648411","101429/2025-10-30/1760648411.json"
"485268","36127","2025-10-31","25.00","AUD","1760648411","101429/2025-10-31/1760648411.json"
"485268","36127","2025-10-29","25.00","AUD","1760648411","101429/2025-10-29/1760648411.json"
"485268","36127","2025-11-01","25.00","AUD","1760648411","101429/2025-11-01/1760648411.json"
"485268","36127","2025-11-03","25.00","AUD","1760648411","101429/2025-11-03/1760648411.json"
"485268","36127","2025-11-02","25.00","AUD","1760648411","101429/2025-11-02/1760648411.json"
"485268","36127","2025-11-06","25.00","AUD","1760648411","101429/2025-11-06/1760648411.json"
"485268","36127","2025-11-04","25.00","AUD","1760648411","101429/2025-11-04/1760648411.json"
"485268","36127","2025-11-05","25.00","AUD","1760648411","101429/2025-11-05/1760648411.json"
"485268","36127","2025-11-13","25.00","AUD","1760648411","101429/2025-11-13/1760648411.json"
"485268","36127","2025-11-12","25.00","AUD","1760648411","101429/2025-11-12/1760648411.json"
"485268","36127","2025-11-14","25.00","AUD","1760648411","101429/2025-11-14/1760648411.json"
"485268","36127","2025-11-15","25.00","AUD","1760648411","101429/2025-11-15/1760648411.json"
"485268","36127","2025-11-17","25.00","AUD","1760648411","101429/2025-11-17/1760648411.json"
"485268","36127","2025-11-16","25.00","AUD","1760648411","101429/2025-11-16/1760648411.json"
"485268","36127","2025-11-18","25.00","AUD","1760648411","101429/2025-11-18/1760648411.json"
"485268","36127","2025-11-20","25.00","AUD","1760648411","101429/2025-11-20/1760648411.json"
"485268","36127","2025-11-19","25.00","AUD","1760648411","101429/2025-11-19/1760648411.json"
"485268","36127","2025-11-11","25.00","AUD","1760648411","101429/2025-11-11/1760648411.json"
"485268","36127","2025-11-22","25.00","AUD","1760648411","101429/2025-11-22/1760648411.json"
"485268","36127","2025-11-23","25.00","AUD","1760648411","101429/2025-11-23/1760648411.json"
"485268","36127","2025-11-24","25.00","AUD","1760648411","101429/2025-11-24/1760648411.json"
"485268","36127","2025-11-25","25.00","AUD","1760648411","101429/2025-11-25/1760648411.json"
"485268","36127","2025-11-26","25.00","AUD","1760648411","101429/2025-11-26/1760648411.json"
"485268","36127","2025-11-27","25.00","AUD","1760648411","101429/2025-11-27/1760648411.json"
"485268","36127","2025-11-28","25.00","AUD","1760648411","101429/2025-11-28/1760648411.json"
"485268","36127","2025-11-29","25.00","AUD","1760648411","101429/2025-11-29/1760648411.json"
"485268","36127","2025-11-30","25.00","AUD","1760648411","101429/2025-11-30/1760648411.json"
"485268","36127","2025-11-21","25.00","AUD","1760648411","101429/2025-11-21/1760648411.json"
"485268","36127","2025-10-18","25.00","AUD","1760671984","101429/2025-10-18/1760671984.json"
"485268","36127","2025-10-19","25.00","AUD","1760671984","101429/2025-10-19/1760671984.json"
"485273","36129","2025-10-17","25.00","AUD","1760671984","101429/2025-10-17/1760671984.json"
"485273","36129","2025-10-20","25.00","AUD","1760671984","101429/2025-10-20/1760671984.json"
"485268","36127","2025-10-20","25.00","AUD","1760671984","101429/2025-10-20/1760671984.json"
"485273","36129","2025-10-21","25.00","AUD","1760671984","101429/2025-10-21/1760671984.json"
"485268","36127","2025-10-21","25.00","AUD","1760671984","101429/2025-10-21/1760671984.json"
"485273","36129","2025-10-22","25.00","AUD","1760671984","101429/2025-10-22/1760671984.json"
"485268","36127","2025-10-22","25.00","AUD","1760671984","101429/2025-10-22/1760671984.json"
"485268","36127","2025-10-24","25.00","AUD","1760671984","101429/2025-10-24/1760671984.json"
"485273","36129","2025-10-23","25.00","AUD","1760671984","101429/2025-10-23/1760671984.json"
"485268","36127","2025-10-23","25.00","AUD","1760671984","101429/2025-10-23/1760671984.json"
"485268","36127","2025-10-25","25.00","AUD","1760671984","101429/2025-10-25/1760671984.json"
"485268","36127","2025-10-26","25.00","AUD","1760671984","101429/2025-10-26/1760671984.json"
"485268","36127","2025-10-27","25.00","AUD","1760671984","101429/2025-10-27/1760671984.json"
"485268","36127","2025-10-28","25.00","AUD","1760671984","101429/2025-10-28/1760671984.json"
"485268","36127","2025-10-30","25.00","AUD","1760671984","101429/2025-10-30/1760671984.json"
"485268","36127","2025-10-29","25.00","AUD","1760671984","101429/2025-10-29/1760671984.json"
"485268","36127","2025-10-31","25.00","AUD","1760671984","101429/2025-10-31/1760671984.json"
"485268","36127","2025-11-01","25.00","AUD","1760671984","101429/2025-11-01/1760671984.json"
"485268","36127","2025-11-03","25.00","AUD","1760671984","101429/2025-11-03/1760671984.json"
"485268","36127","2025-11-02","25.00","AUD","1760671984","101429/2025-11-02/1760671984.json"
"485268","36127","2025-11-04","25.00","AUD","1760671984","101429/2025-11-04/1760671984.json"
"485268","36127","2025-11-05","25.00","AUD","1760671984","101429/2025-11-05/1760671984.json"
"485268","36127","2025-11-06","25.00","AUD","1760671984","101429/2025-11-06/1760671984.json"
"485268","36127","2025-11-11","25.00","AUD","1760671984","101429/2025-11-11/1760671984.json"
"485268","36127","2025-11-12","25.00","AUD","1760671984","101429/2025-11-12/1760671984.json"
"485268","36127","2025-11-14","25.00","AUD","1760671984","101429/2025-11-14/1760671984.json"
"485268","36127","2025-11-13","25.00","AUD","1760671984","101429/2025-11-13/1760671984.json"
"485268","36127","2025-11-15","25.00","AUD","1760671984","101429/2025-11-15/1760671984.json"
"485268","36127","2025-11-16","25.00","AUD","1760671984","101429/2025-11-16/1760671984.json"
"485268","36127","2025-11-19","25.00","AUD","1760671984","101429/2025-11-19/1760671984.json"
"485268","36127","2025-11-18","25.00","AUD","1760671984","101429/2025-11-18/1760671984.json"
"485268","36127","2025-11-20","25.00","AUD","1760671984","101429/2025-11-20/1760671984.json"
"485268","36127","2025-11-17","25.00","AUD","1760671984","101429/2025-11-17/1760671984.json"
"485268","36127","2025-11-22","25.00","AUD","1760671984","101429/2025-11-22/1760671984.json"
"485268","36127","2025-11-21","25.00","AUD","1760671984","101429/2025-11-21/1760671984.json"
"485268","36127","2025-11-23","25.00","AUD","1760671984","101429/2025-11-23/1760671984.json"
"485268","36127","2025-11-24","25.00","AUD","1760671984","101429/2025-11-24/1760671984.json"
"485268","36127","2025-11-26","25.00","AUD","1760671984","101429/2025-11-26/1760671984.json"
"485268","36127","2025-11-25","25.00","AUD","1760671984","101429/2025-11-25/1760671984.json"
"485268","36127","2025-11-27","25.00","AUD","1760671984","101429/2025-11-27/1760671984.json"
"485268","36127","2025-11-28","25.00","AUD","1760671984","101429/2025-11-28/1760671984.json"
"485268","36127","2025-11-29","25.00","AUD","1760671984","101429/2025-11-29/1760671984.json"
"485268","36127","2025-11-30","25.00","AUD","1760671984","101429/2025-11-30/1760671984.json"
"485273","36129","2025-10-17","25.00","AUD","1760677412","101429/2025-10-17/1760677412.json"
"485268","36127","2025-10-19","25.00","AUD","1760677412","101429/2025-10-19/1760677412.json"
"485268","36127","2025-10-18","25.00","AUD","1760677412","101429/2025-10-18/1760677412.json"
"485273","36129","2025-10-20","25.00","AUD","1760677412","101429/2025-10-20/1760677412.json"
"485268","36127","2025-10-20","25.00","AUD","1760677412","101429/2025-10-20/1760677412.json"
"485273","36129","2025-10-23","25.00","AUD","1760677412","101429/2025-10-23/1760677412.json"
"485268","36127","2025-10-23","25.00","AUD","1760677412","101429/2025-10-23/1760677412.json"
"485273","36129","2025-10-21","25.00","AUD","1760677412","101429/2025-10-21/1760677412.json"
"485268","36127","2025-10-21","25.00","AUD","1760677412","101429/2025-10-21/1760677412.json"
"485268","36127","2025-10-24","25.00","AUD","1760677412","101429/2025-10-24/1760677412.json"
"485273","36129","2025-10-22","25.00","AUD","1760677412","101429/2025-10-22/1760677412.json"
"485268","36127","2025-10-22","25.00","AUD","1760677412","101429/2025-10-22/1760677412.json"
"485268","36127","2025-10-25","25.00","AUD","1760677412","101429/2025-10-25/1760677412.json"
"485268","36127","2025-10-27","25.00","AUD","1760677412","101429/2025-10-27/1760677412.json"
"485268","36127","2025-10-26","25.00","AUD","1760677412","101429/2025-10-26/1760677412.json"
"485268","36127","2025-10-28","25.00","AUD","1760677412","101429/2025-10-28/1760677412.json"
"485268","36127","2025-10-29","25.00","AUD","1760677412","101429/2025-10-29/1760677412.json"
"485268","36127","2025-10-30","25.00","AUD","1760677412","101429/2025-10-30/1760677412.json"
"485268","36127","2025-10-31","25.00","AUD","1760677412","101429/2025-10-31/1760677412.json"
"485268","36127","2025-11-01","25.00","AUD","1760677412","101429/2025-11-01/1760677412.json"
"485268","36127","2025-11-04","25.00","AUD","1760677412","101429/2025-11-04/1760677412.json"
"485268","36127","2025-11-02","25.00","AUD","1760677412","101429/2025-11-02/1760677412.json"
"485268","36127","2025-11-05","25.00","AUD","1760677412","101429/2025-11-05/1760677412.json"
"485268","36127","2025-11-03","25.00","AUD","1760677412","101429/2025-11-03/1760677412.json"
"485268","36127","2025-11-06","25.00","AUD","1760677412","101429/2025-11-06/1760677412.json"
"485268","36127","2025-11-13","25.00","AUD","1760677412","101429/2025-11-13/1760677412.json"
"485268","36127","2025-11-11","25.00","AUD","1760677412","101429/2025-11-11/1760677412.json"
"485268","36127","2025-11-12","25.00","AUD","1760677412","101429/2025-11-12/1760677412.json"
"485268","36127","2025-11-15","25.00","AUD","1760677412","101429/2025-11-15/1760677412.json"
"485268","36127","2025-11-16","25.00","AUD","1760677412","101429/2025-11-16/1760677412.json"
"485268","36127","2025-11-14","25.00","AUD","1760677412","101429/2025-11-14/1760677412.json"
"485268","36127","2025-11-17","25.00","AUD","1760677412","101429/2025-11-17/1760677412.json"
"485268","36127","2025-11-18","25.00","AUD","1760677412","101429/2025-11-18/1760677412.json"
"485268","36127","2025-11-19","25.00","AUD","1760677412","101429/2025-11-19/1760677412.json"
"485268","36127","2025-11-20","25.00","AUD","1760677412","101429/2025-11-20/1760677412.json"
"485268","36127","2025-11-21","25.00","AUD","1760677412","101429/2025-11-21/1760677412.json"
"485268","36127","2025-11-22","25.00","AUD","1760677412","101429/2025-11-22/1760677412.json"
"485268","36127","2025-11-24","25.00","AUD","1760677412","101429/2025-11-24/1760677412.json"
"485268","36127","2025-11-23","25.00","AUD","1760677412","101429/2025-11-23/1760677412.json"
"485268","36127","2025-11-25","25.00","AUD","1760677412","101429/2025-11-25/1760677412.json"
"485268","36127","2025-11-26","25.00","AUD","1760677412","101429/2025-11-26/1760677412.json"
"485268","36127","2025-11-28","25.00","AUD","1760677412","101429/2025-11-28/1760677412.json"
"485268","36127","2025-11-27","25.00","AUD","1760677412","101429/2025-11-27/1760677412.json"
"485268","36127","2025-11-29","25.00","AUD","1760677412","101429/2025-11-29/1760677412.json"
"485268","36127","2025-11-30","25.00","AUD","1760677412","101429/2025-11-30/1760677412.json"
"485268","36127","2025-10-18","25.00","AUD","1760692250","101429/2025-10-18/1760692250.json"
"485268","36127","2025-10-19","25.00","AUD","1760692250","101429/2025-10-19/1760692250.json"
"485273","36129","2025-10-20","25.00","AUD","1760692250","101429/2025-10-20/1760692250.json"
"485268","36127","2025-10-20","25.00","AUD","1760692250","101429/2025-10-20/1760692250.json"
"485273","36129","2025-10-22","25.00","AUD","1760692250","101429/2025-10-22/1760692250.json"
"485268","36127","2025-10-22","25.00","AUD","1760692250","101429/2025-10-22/1760692250.json"
"485273","36129","2025-10-23","25.00","AUD","1760692250","101429/2025-10-23/1760692250.json"
"485268","36127","2025-10-23","25.00","AUD","1760692250","101429/2025-10-23/1760692250.json"
"485273","36129","2025-10-21","25.00","AUD","1760692250","101429/2025-10-21/1760692250.json"
"485268","36127","2025-10-21","25.00","AUD","1760692250","101429/2025-10-21/1760692250.json"
"485268","36127","2025-10-24","25.00","AUD","1760692250","101429/2025-10-24/1760692250.json"
"485268","36127","2025-10-28","25.00","AUD","1760692250","101429/2025-10-28/1760692250.json"
"485268","36127","2025-10-27","25.00","AUD","1760692250","101429/2025-10-27/1760692250.json"
"485268","36127","2025-10-25","25.00","AUD","1760692250","101429/2025-10-25/1760692250.json"
"485268","36127","2025-10-26","25.00","AUD","1760692250","101429/2025-10-26/1760692250.json"
"485268","36127","2025-10-29","25.00","AUD","1760692250","101429/2025-10-29/1760692250.json"
"485268","36127","2025-10-30","25.00","AUD","1760692250","101429/2025-10-30/1760692250.json"
"485268","36127","2025-10-31","25.00","AUD","1760692250","101429/2025-10-31/1760692250.json"
"485268","36127","2025-11-01","25.00","AUD","1760692250","101429/2025-11-01/1760692250.json"
"485268","36127","2025-11-03","25.00","AUD","1760692250","101429/2025-11-03/1760692250.json"
"485268","36127","2025-11-02","25.00","AUD","1760692250","101429/2025-11-02/1760692250.json"
"485268","36127","2025-11-04","25.00","AUD","1760692250","101429/2025-11-04/1760692250.json"
"485268","36127","2025-11-06","25.00","AUD","1760692250","101429/2025-11-06/1760692250.json"
"485268","36127","2025-11-05","25.00","AUD","1760692250","101429/2025-11-05/1760692250.json"
"485268","36127","2025-11-11","25.00","AUD","1760692250","101429/2025-11-11/1760692250.json"
"485268","36127","2025-11-13","25.00","AUD","1760692250","101429/2025-11-13/1760692250.json"
"485268","36127","2025-11-12","25.00","AUD","1760692250","101429/2025-11-12/1760692250.json"
"485268","36127","2025-11-15","25.00","AUD","1760692250","101429/2025-11-15/1760692250.json"
"485268","36127","2025-11-14","25.00","AUD","1760692250","101429/2025-11-14/1760692250.json"
"485268","36127","2025-11-16","25.00","AUD","1760692250","101429/2025-11-16/1760692250.json"
"485268","36127","2025-11-18","25.00","AUD","1760692250","101429/2025-11-18/1760692250.json"
"485268","36127","2025-11-17","25.00","AUD","1760692250","101429/2025-11-17/1760692250.json"
"485268","36127","2025-11-19","25.00","AUD","1760692250","101429/2025-11-19/1760692250.json"
"485268","36127","2025-11-20","25.00","AUD","1760692250","101429/2025-11-20/1760692250.json"
"485268","36127","2025-11-22","25.00","AUD","1760692250","101429/2025-11-22/1760692250.json"
"485268","36127","2025-11-21","25.00","AUD","1760692250","101429/2025-11-21/1760692250.json"
"485268","36127","2025-11-23","25.00","AUD","1760692250","101429/2025-11-23/1760692250.json"
"485268","36127","2025-11-24","25.00","AUD","1760692250","101429/2025-11-24/1760692250.json"
"485268","36127","2025-11-25","25.00","AUD","1760692250","101429/2025-11-25/1760692250.json"
"485268","36127","2025-11-26","25.00","AUD","1760692250","101429/2025-11-26/1760692250.json"
"485268","36127","2025-11-27","25.00","AUD","1760692250","101429/2025-11-27/1760692250.json"
"485268","36127","2025-11-28","25.00","AUD","1760692250","101429/2025-11-28/1760692250.json"
"485268","36127","2025-11-29","25.00","AUD","1760692250","101429/2025-11-29/1760692250.json"
"485268","36127","2025-11-30","25.00","AUD","1760692250","101429/2025-11-30/1760692250.json"
"485268","36127","2025-10-18","25.00","AUD","1760708624","101429/2025-10-18/1760708624.json"
"485273","36129","2025-10-20","25.00","AUD","1760708624","101429/2025-10-20/1760708624.json"
"485268","36127","2025-10-19","25.00","AUD","1760708624","101429/2025-10-19/1760708624.json"
"485268","36127","2025-10-20","25.00","AUD","1760708624","101429/2025-10-20/1760708624.json"
"485273","36129","2025-10-21","25.00","AUD","1760708624","101429/2025-10-21/1760708624.json"
"485268","36127","2025-10-21","25.00","AUD","1760708624","101429/2025-10-21/1760708624.json"
"485273","36129","2025-10-22","25.00","AUD","1760708624","101429/2025-10-22/1760708624.json"
"485268","36127","2025-10-22","25.00","AUD","1760708624","101429/2025-10-22/1760708624.json"
"485273","36129","2025-10-23","25.00","AUD","1760708624","101429/2025-10-23/1760708624.json"
"485268","36127","2025-10-23","25.00","AUD","1760708624","101429/2025-10-23/1760708624.json"
"485268","36127","2025-10-24","25.00","AUD","1760708624","101429/2025-10-24/1760708624.json"
"485268","36127","2025-10-25","25.00","AUD","1760708624","101429/2025-10-25/1760708624.json"
"485268","36127","2025-10-26","25.00","AUD","1760708624","101429/2025-10-26/1760708624.json"
"485268","36127","2025-10-27","25.00","AUD","1760708624","101429/2025-10-27/1760708624.json"
"485268","36127","2025-10-28","25.00","AUD","1760708624","101429/2025-10-28/1760708624.json"
"485268","36127","2025-10-29","25.00","AUD","1760708624","101429/2025-10-29/1760708624.json"
"485268","36127","2025-10-31","25.00","AUD","1760708624","101429/2025-10-31/1760708624.json"
"485268","36127","2025-10-30","25.00","AUD","1760708624","101429/2025-10-30/1760708624.json"
"485268","36127","2025-11-01","25.00","AUD","1760708624","101429/2025-11-01/1760708624.json"
"485268","36127","2025-11-02","25.00","AUD","1760708624","101429/2025-11-02/1760708624.json"
"485268","36127","2025-11-04","25.00","AUD","1760708624","101429/2025-11-04/1760708624.json"
"485268","36127","2025-11-05","25.00","AUD","1760708624","101429/2025-11-05/1760708624.json"
"485268","36127","2025-11-03","25.00","AUD","1760708624","101429/2025-11-03/1760708624.json"
"485268","36127","2025-11-06","25.00","AUD","1760708624","101429/2025-11-06/1760708624.json"
"485268","36127","2025-11-11","25.00","AUD","1760708624","101429/2025-11-11/1760708624.json"
"485268","36127","2025-11-12","25.00","AUD","1760708624","101429/2025-11-12/1760708624.json"
"485268","36127","2025-11-15","25.00","AUD","1760708624","101429/2025-11-15/1760708624.json"
"485268","36127","2025-11-14","25.00","AUD","1760708624","101429/2025-11-14/1760708624.json"
"485268","36127","2025-11-13","25.00","AUD","1760708624","101429/2025-11-13/1760708624.json"
"485268","36127","2025-11-16","25.00","AUD","1760708624","101429/2025-11-16/1760708624.json"
"485268","36127","2025-11-18","25.00","AUD","1760708624","101429/2025-11-18/1760708624.json"
"485268","36127","2025-11-19","25.00","AUD","1760708624","101429/2025-11-19/1760708624.json"
"485268","36127","2025-11-17","25.00","AUD","1760708624","101429/2025-11-17/1760708624.json"
"485268","36127","2025-11-20","25.00","AUD","1760708624","101429/2025-11-20/1760708624.json"
"485268","36127","2025-11-21","25.00","AUD","1760708624","101429/2025-11-21/1760708624.json"
"485268","36127","2025-11-22","25.00","AUD","1760708624","101429/2025-11-22/1760708624.json"
"485268","36127","2025-11-24","25.00","AUD","1760708624","101429/2025-11-24/1760708624.json"
"485268","36127","2025-11-23","25.00","AUD","1760708624","101429/2025-11-23/1760708624.json"
"485268","36127","2025-11-25","25.00","AUD","1760708624","101429/2025-11-25/1760708624.json"
"485268","36127","2025-11-26","25.00","AUD","1760708624","101429/2025-11-26/1760708624.json"
"485268","36127","2025-11-28","25.00","AUD","1760708624","101429/2025-11-28/1760708624.json"
"485268","36127","2025-11-27","25.00","AUD","1760708624","101429/2025-11-27/1760708624.json"
"485268","36127","2025-11-29","25.00","AUD","1760708624","101429/2025-11-29/1760708624.json"
"485268","36127","2025-11-30","25.00","AUD","1760708624","101429/2025-11-30/1760708624.json"
"485268","36127","2025-10-18","25.00","AUD","1760720862","101429/2025-10-18/1760720862.json"
"485268","36127","2025-10-19","25.00","AUD","1760720862","101429/2025-10-19/1760720862.json"
"485273","36129","2025-10-20","25.00","AUD","1760720862","101429/2025-10-20/1760720862.json"
"485268","36127","2025-10-20","25.00","AUD","1760720862","101429/2025-10-20/1760720862.json"
"485273","36129","2025-10-21","25.00","AUD","1760720862","101429/2025-10-21/1760720862.json"
"485268","36127","2025-10-21","25.00","AUD","1760720862","101429/2025-10-21/1760720862.json"
"485273","36129","2025-10-23","25.00","AUD","1760720862","101429/2025-10-23/1760720862.json"
"485268","36127","2025-10-23","25.00","AUD","1760720862","101429/2025-10-23/1760720862.json"
"485268","36127","2025-10-24","25.00","AUD","1760720862","101429/2025-10-24/1760720862.json"
"485273","36129","2025-10-22","25.00","AUD","1760720862","101429/2025-10-22/1760720862.json"
"485268","36127","2025-10-22","25.00","AUD","1760720862","101429/2025-10-22/1760720862.json"
"485268","36127","2025-10-25","25.00","AUD","1760720862","101429/2025-10-25/1760720862.json"
"485268","36127","2025-10-27","25.00","AUD","1760720862","101429/2025-10-27/1760720862.json"
"485268","36127","2025-10-28","25.00","AUD","1760720862","101429/2025-10-28/1760720862.json"
"485268","36127","2025-10-29","25.00","AUD","1760720862","101429/2025-10-29/1760720862.json"
"485268","36127","2025-10-26","25.00","AUD","1760720862","101429/2025-10-26/1760720862.json"
"485268","36127","2025-10-30","25.00","AUD","1760720862","101429/2025-10-30/1760720862.json"
"485268","36127","2025-10-31","25.00","AUD","1760720862","101429/2025-10-31/1760720862.json"
"485268","36127","2025-11-01","25.00","AUD","1760720862","101429/2025-11-01/1760720862.json"
"485268","36127","2025-11-02","25.00","AUD","1760720862","101429/2025-11-02/1760720862.json"
"485268","36127","2025-11-03","25.00","AUD","1760720862","101429/2025-11-03/1760720862.json"
"485268","36127","2025-11-05","25.00","AUD","1760720862","101429/2025-11-05/1760720862.json"
"485268","36127","2025-11-04","25.00","AUD","1760720862","101429/2025-11-04/1760720862.json"
"485268","36127","2025-11-06","25.00","AUD","1760720862","101429/2025-11-06/1760720862.json"
"485268","36127","2025-11-11","25.00","AUD","1760720862","101429/2025-11-11/1760720862.json"
"485268","36127","2025-11-13","25.00","AUD","1760720862","101429/2025-11-13/1760720862.json"
"485268","36127","2025-11-12","25.00","AUD","1760720862","101429/2025-11-12/1760720862.json"
"485268","36127","2025-11-15","25.00","AUD","1760720862","101429/2025-11-15/1760720862.json"
"485268","36127","2025-11-14","25.00","AUD","1760720862","101429/2025-11-14/1760720862.json"
"485268","36127","2025-11-16","25.00","AUD","1760720862","101429/2025-11-16/1760720862.json"
"485268","36127","2025-11-17","25.00","AUD","1760720862","101429/2025-11-17/1760720862.json"
"485268","36127","2025-11-18","25.00","AUD","1760720862","101429/2025-11-18/1760720862.json"
"485268","36127","2025-11-19","25.00","AUD","1760720862","101429/2025-11-19/1760720862.json"
"485268","36127","2025-11-20","25.00","AUD","1760720862","101429/2025-11-20/1760720862.json"
"485268","36127","2025-11-21","25.00","AUD","1760720862","101429/2025-11-21/1760720862.json"
"485268","36127","2025-11-23","25.00","AUD","1760720862","101429/2025-11-23/1760720862.json"
"485268","36127","2025-11-24","25.00","AUD","1760720862","101429/2025-11-24/1760720862.json"
"485268","36127","2025-11-22","25.00","AUD","1760720862","101429/2025-11-22/1760720862.json"
"485268","36127","2025-11-25","25.00","AUD","1760720862","101429/2025-11-25/1760720862.json"
"485268","36127","2025-11-26","25.00","AUD","1760720862","101429/2025-11-26/1760720862.json"
"485268","36127","2025-11-27","25.00","AUD","1760720862","101429/2025-11-27/1760720862.json"
"485268","36127","2025-11-28","25.00","AUD","1760720862","101429/2025-11-28/1760720862.json"
"485268","36127","2025-11-29","25.00","AUD","1760720862","101429/2025-11-29/1760720862.json"
"485268","36127","2025-11-30","25.00","AUD","1760720862","101429/2025-11-30/1760720862.json"
"485268","36127","2025-10-19","25.00","AUD","1760734550","101429/2025-10-19/1760734550.json"
"485268","36127","2025-10-18","25.00","AUD","1760734550","101429/2025-10-18/1760734550.json"
"485273","36129","2025-10-21","25.00","AUD","1760734550","101429/2025-10-21/1760734550.json"
"485273","36129","2025-10-20","25.00","AUD","1760734550","101429/2025-10-20/1760734550.json"
"485268","36127","2025-10-21","25.00","AUD","1760734550","101429/2025-10-21/1760734550.json"
"485268","36127","2025-10-20","25.00","AUD","1760734550","101429/2025-10-20/1760734550.json"
"485273","36129","2025-10-22","25.00","AUD","1760734550","101429/2025-10-22/1760734550.json"
"485268","36127","2025-10-22","25.00","AUD","1760734550","101429/2025-10-22/1760734550.json"
"485273","36129","2025-10-23","25.00","AUD","1760734550","101429/2025-10-23/1760734550.json"
"485268","36127","2025-10-23","25.00","AUD","1760734550","101429/2025-10-23/1760734550.json"
"485268","36127","2025-10-24","25.00","AUD","1760734550","101429/2025-10-24/1760734550.json"
"485268","36127","2025-10-25","25.00","AUD","1760734550","101429/2025-10-25/1760734550.json"
"485268","36127","2025-10-26","25.00","AUD","1760734550","101429/2025-10-26/1760734550.json"
"485268","36127","2025-10-27","25.00","AUD","1760734550","101429/2025-10-27/1760734550.json"
"485268","36127","2025-10-29","25.00","AUD","1760734550","101429/2025-10-29/1760734550.json"
"485268","36127","2025-10-28","25.00","AUD","1760734550","101429/2025-10-28/1760734550.json"
"485268","36127","2025-10-30","25.00","AUD","1760734550","101429/2025-10-30/1760734550.json"
"485268","36127","2025-11-01","25.00","AUD","1760734550","101429/2025-11-01/1760734550.json"
"485268","36127","2025-10-31","25.00","AUD","1760734550","101429/2025-10-31/1760734550.json"
"485268","36127","2025-11-02","25.00","AUD","1760734550","101429/2025-11-02/1760734550.json"
"485268","36127","2025-11-03","25.00","AUD","1760734550","101429/2025-11-03/1760734550.json"
"485268","36127","2025-11-04","25.00","AUD","1760734550","101429/2025-11-04/1760734550.json"
"485268","36127","2025-11-05","25.00","AUD","1760734550","101429/2025-11-05/1760734550.json"
"485268","36127","2025-11-06","25.00","AUD","1760734550","101429/2025-11-06/1760734550.json"
"485268","36127","2025-11-11","25.00","AUD","1760734550","101429/2025-11-11/1760734550.json"
"485268","36127","2025-11-12","25.00","AUD","1760734550","101429/2025-11-12/1760734550.json"
"485268","36127","2025-11-13","25.00","AUD","1760734550","101429/2025-11-13/1760734550.json"
"485268","36127","2025-11-14","25.00","AUD","1760734550","101429/2025-11-14/1760734550.json"
"485268","36127","2025-11-15","25.00","AUD","1760734550","101429/2025-11-15/1760734550.json"
"485268","36127","2025-11-16","25.00","AUD","1760734550","101429/2025-11-16/1760734550.json"
"485268","36127","2025-11-17","25.00","AUD","1760734550","101429/2025-11-17/1760734550.json"
"485268","36127","2025-11-20","25.00","AUD","1760734550","101429/2025-11-20/1760734550.json"
"485268","36127","2025-11-19","25.00","AUD","1760734550","101429/2025-11-19/1760734550.json"
"485268","36127","2025-11-21","25.00","AUD","1760734550","101429/2025-11-21/1760734550.json"
"485268","36127","2025-11-18","25.00","AUD","1760734550","101429/2025-11-18/1760734550.json"
"485268","36127","2025-11-23","25.00","AUD","1760734550","101429/2025-11-23/1760734550.json"
"485268","36127","2025-11-22","25.00","AUD","1760734550","101429/2025-11-22/1760734550.json"
"485268","36127","2025-11-24","25.00","AUD","1760734550","101429/2025-11-24/1760734550.json"
"485268","36127","2025-11-25","25.00","AUD","1760734550","101429/2025-11-25/1760734550.json"
"485268","36127","2025-11-27","25.00","AUD","1760734550","101429/2025-11-27/1760734550.json"
"485268","36127","2025-11-28","25.00","AUD","1760734550","101429/2025-11-28/1760734550.json"
"485268","36127","2025-11-30","25.00","AUD","1760734550","101429/2025-11-30/1760734550.json"
"485268","36127","2025-11-26","25.00","AUD","1760734550","101429/2025-11-26/1760734550.json"
"485268","36127","2025-11-29","25.00","AUD","1760734550","101429/2025-11-29/1760734550.json"
"485268","36127","2025-10-18","25.00","AUD","1760758090","101429/2025-10-18/1760758090.json"
"485273","36129","2025-10-21","25.00","AUD","1760758090","101429/2025-10-21/1760758090.json"
"485268","36127","2025-10-21","25.00","AUD","1760758090","101429/2025-10-21/1760758090.json"
"485268","36127","2025-10-19","25.00","AUD","1760758090","101429/2025-10-19/1760758090.json"
"485273","36129","2025-10-20","25.00","AUD","1760758090","101429/2025-10-20/1760758090.json"
"485268","36127","2025-10-20","25.00","AUD","1760758090","101429/2025-10-20/1760758090.json"
"485273","36129","2025-10-22","25.00","AUD","1760758090","101429/2025-10-22/1760758090.json"
"485268","36127","2025-10-22","25.00","AUD","1760758090","101429/2025-10-22/1760758090.json"
"485268","36127","2025-10-24","25.00","AUD","1760758090","101429/2025-10-24/1760758090.json"
"485268","36127","2025-10-25","25.00","AUD","1760758090","101429/2025-10-25/1760758090.json"
"485273","36129","2025-10-23","25.00","AUD","1760758090","101429/2025-10-23/1760758090.json"
"485268","36127","2025-10-23","25.00","AUD","1760758090","101429/2025-10-23/1760758090.json"
"485268","36127","2025-10-27","25.00","AUD","1760758090","101429/2025-10-27/1760758090.json"
"485268","36127","2025-10-29","25.00","AUD","1760758090","101429/2025-10-29/1760758090.json"
"485268","36127","2025-10-26","25.00","AUD","1760758090","101429/2025-10-26/1760758090.json"
"485268","36127","2025-10-28","25.00","AUD","1760758090","101429/2025-10-28/1760758090.json"
"485268","36127","2025-11-02","25.00","AUD","1760758090","101429/2025-11-02/1760758090.json"
"485268","36127","2025-10-30","25.00","AUD","1760758090","101429/2025-10-30/1760758090.json"
"485268","36127","2025-10-31","25.00","AUD","1760758090","101429/2025-10-31/1760758090.json"
"485268","36127","2025-11-01","25.00","AUD","1760758090","101429/2025-11-01/1760758090.json"
"485268","36127","2025-11-05","25.00","AUD","1760758090","101429/2025-11-05/1760758090.json"
"485268","36127","2025-11-04","25.00","AUD","1760758090","101429/2025-11-04/1760758090.json"
"485268","36127","2025-11-06","25.00","AUD","1760758090","101429/2025-11-06/1760758090.json"
"485268","36127","2025-11-03","25.00","AUD","1760758090","101429/2025-11-03/1760758090.json"
"485268","36127","2025-11-11","25.00","AUD","1760758090","101429/2025-11-11/1760758090.json"
"485268","36127","2025-11-12","25.00","AUD","1760758090","101429/2025-11-12/1760758090.json"
"485268","36127","2025-11-13","25.00","AUD","1760758090","101429/2025-11-13/1760758090.json"
"485268","36127","2025-11-14","25.00","AUD","1760758090","101429/2025-11-14/1760758090.json"
"485268","36127","2025-11-15","25.00","AUD","1760758090","101429/2025-11-15/1760758090.json"
"485268","36127","2025-11-16","25.00","AUD","1760758090","101429/2025-11-16/1760758090.json"
"485268","36127","2025-11-17","25.00","AUD","1760758090","101429/2025-11-17/1760758090.json"
"485268","36127","2025-11-18","25.00","AUD","1760758090","101429/2025-11-18/1760758090.json"
"485268","36127","2025-11-19","25.00","AUD","1760758090","101429/2025-11-19/1760758090.json"
"485268","36127","2025-11-21","25.00","AUD","1760758090","101429/2025-11-21/1760758090.json"
"485268","36127","2025-11-20","25.00","AUD","1760758090","101429/2025-11-20/1760758090.json"
"485268","36127","2025-11-22","25.00","AUD","1760758090","101429/2025-11-22/1760758090.json"
"485268","36127","2025-11-23","25.00","AUD","1760758090","101429/2025-11-23/1760758090.json"
"485268","36127","2025-11-24","25.00","AUD","1760758090","101429/2025-11-24/1760758090.json"
"485268","36127","2025-11-25","25.00","AUD","1760758090","101429/2025-11-25/1760758090.json"
"485268","36127","2025-11-26","25.00","AUD","1760758090","101429/2025-11-26/1760758090.json"
"485268","36127","2025-11-27","25.00","AUD","1760758090","101429/2025-11-27/1760758090.json"
"485268","36127","2025-11-29","25.00","AUD","1760758090","101429/2025-11-29/1760758090.json"
"485268","36127","2025-11-28","25.00","AUD","1760758090","101429/2025-11-28/1760758090.json"
"485268","36127","2025-11-30","25.00","AUD","1760758090","101429/2025-11-30/1760758090.json"
"485268","36127","2025-10-19","25.00","AUD","1760763809","101429/2025-10-19/1760763809.json"
"485273","36129","2025-10-21","25.00","AUD","1760763809","101429/2025-10-21/1760763809.json"
"485268","36127","2025-10-21","25.00","AUD","1760763809","101429/2025-10-21/1760763809.json"
"485273","36129","2025-10-20","25.00","AUD","1760763809","101429/2025-10-20/1760763809.json"
"485268","36127","2025-10-20","25.00","AUD","1760763809","101429/2025-10-20/1760763809.json"
"485268","36127","2025-10-18","25.00","AUD","1760763809","101429/2025-10-18/1760763809.json"
"485268","36127","2025-10-25","25.00","AUD","1760763809","101429/2025-10-25/1760763809.json"
"485268","36127","2025-10-24","25.00","AUD","1760763809","101429/2025-10-24/1760763809.json"
"485273","36129","2025-10-22","25.00","AUD","1760763809","101429/2025-10-22/1760763809.json"
"485268","36127","2025-10-22","25.00","AUD","1760763809","101429/2025-10-22/1760763809.json"
"485273","36129","2025-10-23","25.00","AUD","1760763809","101429/2025-10-23/1760763809.json"
"485268","36127","2025-10-23","25.00","AUD","1760763809","101429/2025-10-23/1760763809.json"
"485268","36127","2025-10-28","25.00","AUD","1760763809","101429/2025-10-28/1760763809.json"
"485268","36127","2025-10-27","25.00","AUD","1760763809","101429/2025-10-27/1760763809.json"
"485268","36127","2025-10-26","25.00","AUD","1760763809","101429/2025-10-26/1760763809.json"
"485268","36127","2025-10-29","25.00","AUD","1760763809","101429/2025-10-29/1760763809.json"
"485268","36127","2025-10-30","25.00","AUD","1760763809","101429/2025-10-30/1760763809.json"
"485268","36127","2025-10-31","25.00","AUD","1760763809","101429/2025-10-31/1760763809.json"
"485268","36127","2025-11-01","25.00","AUD","1760763809","101429/2025-11-01/1760763809.json"
"485268","36127","2025-11-02","25.00","AUD","1760763809","101429/2025-11-02/1760763809.json"
"485268","36127","2025-11-03","25.00","AUD","1760763809","101429/2025-11-03/1760763809.json"
"485268","36127","2025-11-04","25.00","AUD","1760763809","101429/2025-11-04/1760763809.json"
"485268","36127","2025-11-05","25.00","AUD","1760763809","101429/2025-11-05/1760763809.json"
"485268","36127","2025-11-06","25.00","AUD","1760763809","101429/2025-11-06/1760763809.json"
"485268","36127","2025-11-13","25.00","AUD","1760763809","101429/2025-11-13/1760763809.json"
"485268","36127","2025-11-12","25.00","AUD","1760763809","101429/2025-11-12/1760763809.json"
"485268","36127","2025-11-11","25.00","AUD","1760763809","101429/2025-11-11/1760763809.json"
"485268","36127","2025-11-14","25.00","AUD","1760763809","101429/2025-11-14/1760763809.json"
"485268","36127","2025-11-15","25.00","AUD","1760763809","101429/2025-11-15/1760763809.json"
"485268","36127","2025-11-16","25.00","AUD","1760763809","101429/2025-11-16/1760763809.json"
"485268","36127","2025-11-17","25.00","AUD","1760763809","101429/2025-11-17/1760763809.json"
"485268","36127","2025-11-18","25.00","AUD","1760763809","101429/2025-11-18/1760763809.json"
"485268","36127","2025-11-19","25.00","AUD","1760763809","101429/2025-11-19/1760763809.json"
"485268","36127","2025-11-20","25.00","AUD","1760763809","101429/2025-11-20/1760763809.json"
"485268","36127","2025-11-21","25.00","AUD","1760763809","101429/2025-11-21/1760763809.json"
"485268","36127","2025-11-22","25.00","AUD","1760763809","101429/2025-11-22/1760763809.json"
"485268","36127","2025-11-24","25.00","AUD","1760763809","101429/2025-11-24/1760763809.json"
"485268","36127","2025-11-23","25.00","AUD","1760763809","101429/2025-11-23/1760763809.json"
"485268","36127","2025-11-25","25.00","AUD","1760763809","101429/2025-11-25/1760763809.json"
"485268","36127","2025-11-26","25.00","AUD","1760763809","101429/2025-11-26/1760763809.json"
"485268","36127","2025-11-28","25.00","AUD","1760763809","101429/2025-11-28/1760763809.json"
"485268","36127","2025-11-27","25.00","AUD","1760763809","101429/2025-11-27/1760763809.json"
"485268","36127","2025-11-29","25.00","AUD","1760763809","101429/2025-11-29/1760763809.json"
"485268","36127","2025-11-30","25.00","AUD","1760763809","101429/2025-11-30/1760763809.json"
"485273","36129","2025-10-20","25.00","AUD","1760778173","101429/2025-10-20/1760778173.json"
"485273","36129","2025-10-21","25.00","AUD","1760778173","101429/2025-10-21/1760778173.json"
"485268","36127","2025-10-20","25.00","AUD","1760778173","101429/2025-10-20/1760778173.json"
"485268","36127","2025-10-21","25.00","AUD","1760778173","101429/2025-10-21/1760778173.json"
"485268","36127","2025-10-19","25.00","AUD","1760778173","101429/2025-10-19/1760778173.json"
"485273","36129","2025-10-22","25.00","AUD","1760778173","101429/2025-10-22/1760778173.json"
"485268","36127","2025-10-22","25.00","AUD","1760778173","101429/2025-10-22/1760778173.json"
"485268","36127","2025-10-25","25.00","AUD","1760778173","101429/2025-10-25/1760778173.json"
"485273","36129","2025-10-23","25.00","AUD","1760778173","101429/2025-10-23/1760778173.json"
"485268","36127","2025-10-23","25.00","AUD","1760778173","101429/2025-10-23/1760778173.json"
"485268","36127","2025-10-24","25.00","AUD","1760778173","101429/2025-10-24/1760778173.json"
"485268","36127","2025-10-28","25.00","AUD","1760778173","101429/2025-10-28/1760778173.json"
"485268","36127","2025-10-29","25.00","AUD","1760778173","101429/2025-10-29/1760778173.json"
"485268","36127","2025-10-27","25.00","AUD","1760778173","101429/2025-10-27/1760778173.json"
"485268","36127","2025-10-31","25.00","AUD","1760778173","101429/2025-10-31/1760778173.json"
"485268","36127","2025-10-30","25.00","AUD","1760778173","101429/2025-10-30/1760778173.json"
"485268","36127","2025-11-01","25.00","AUD","1760778173","101429/2025-11-01/1760778173.json"
"485268","36127","2025-10-26","25.00","AUD","1760778173","101429/2025-10-26/1760778173.json"
"485268","36127","2025-11-02","25.00","AUD","1760778173","101429/2025-11-02/1760778173.json"
"485268","36127","2025-11-03","25.00","AUD","1760778173","101429/2025-11-03/1760778173.json"
"485268","36127","2025-11-04","25.00","AUD","1760778173","101429/2025-11-04/1760778173.json"
"485268","36127","2025-11-05","25.00","AUD","1760778173","101429/2025-11-05/1760778173.json"
"485268","36127","2025-11-06","25.00","AUD","1760778173","101429/2025-11-06/1760778173.json"
"485268","36127","2025-11-11","25.00","AUD","1760778173","101429/2025-11-11/1760778173.json"
"485268","36127","2025-11-12","25.00","AUD","1760778173","101429/2025-11-12/1760778173.json"
"485268","36127","2025-11-13","25.00","AUD","1760778173","101429/2025-11-13/1760778173.json"
"485268","36127","2025-11-14","25.00","AUD","1760778173","101429/2025-11-14/1760778173.json"
"485268","36127","2025-11-15","25.00","AUD","1760778173","101429/2025-11-15/1760778173.json"
"485268","36127","2025-11-16","25.00","AUD","1760778173","101429/2025-11-16/1760778173.json"
"485268","36127","2025-11-18","25.00","AUD","1760778173","101429/2025-11-18/1760778173.json"
"485268","36127","2025-11-19","25.00","AUD","1760778173","101429/2025-11-19/1760778173.json"
"485268","36127","2025-11-17","25.00","AUD","1760778173","101429/2025-11-17/1760778173.json"
"485268","36127","2025-11-20","25.00","AUD","1760778173","101429/2025-11-20/1760778173.json"
"485268","36127","2025-11-21","25.00","AUD","1760778173","101429/2025-11-21/1760778173.json"
"485268","36127","2025-11-22","25.00","AUD","1760778173","101429/2025-11-22/1760778173.json"
"485268","36127","2025-11-23","25.00","AUD","1760778173","101429/2025-11-23/1760778173.json"
"485268","36127","2025-11-25","25.00","AUD","1760778173","101429/2025-11-25/1760778173.json"
"485268","36127","2025-11-27","25.00","AUD","1760778173","101429/2025-11-27/1760778173.json"
"485268","36127","2025-11-26","25.00","AUD","1760778173","101429/2025-11-26/1760778173.json"
"485268","36127","2025-11-24","25.00","AUD","1760778173","101429/2025-11-24/1760778173.json"
"485268","36127","2025-11-28","25.00","AUD","1760778173","101429/2025-11-28/1760778173.json"
"485268","36127","2025-11-30","25.00","AUD","1760778173","101429/2025-11-30/1760778173.json"
"485268","36127","2025-11-29","25.00","AUD","1760778173","101429/2025-11-29/1760778173.json"
"485273","36129","2025-10-21","25.00","AUD","1760794096","101429/2025-10-21/1760794096.json"
"485268","36127","2025-10-21","25.00","AUD","1760794096","101429/2025-10-21/1760794096.json"
"485268","36127","2025-10-19","25.00","AUD","1760794096","101429/2025-10-19/1760794096.json"
"485273","36129","2025-10-20","25.00","AUD","1760794096","101429/2025-10-20/1760794096.json"
"485268","36127","2025-10-20","25.00","AUD","1760794096","101429/2025-10-20/1760794096.json"
"485273","36129","2025-10-23","25.00","AUD","1760794096","101429/2025-10-23/1760794096.json"
"485268","36127","2025-10-24","25.00","AUD","1760794096","101429/2025-10-24/1760794096.json"
"485268","36127","2025-10-23","25.00","AUD","1760794096","101429/2025-10-23/1760794096.json"
"485268","36127","2025-10-25","25.00","AUD","1760794096","101429/2025-10-25/1760794096.json"
"485273","36129","2025-10-22","25.00","AUD","1760794096","101429/2025-10-22/1760794096.json"
"485268","36127","2025-10-22","25.00","AUD","1760794096","101429/2025-10-22/1760794096.json"
"485268","36127","2025-10-26","25.00","AUD","1760794096","101429/2025-10-26/1760794096.json"
"485268","36127","2025-10-27","25.00","AUD","1760794096","101429/2025-10-27/1760794096.json"
"485268","36127","2025-10-29","25.00","AUD","1760794096","101429/2025-10-29/1760794096.json"
"485268","36127","2025-10-28","25.00","AUD","1760794096","101429/2025-10-28/1760794096.json"
"485268","36127","2025-10-30","25.00","AUD","1760794096","101429/2025-10-30/1760794096.json"
"485268","36127","2025-10-31","25.00","AUD","1760794096","101429/2025-10-31/1760794096.json"
"485268","36127","2025-11-01","25.00","AUD","1760794096","101429/2025-11-01/1760794096.json"
"485268","36127","2025-11-02","25.00","AUD","1760794096","101429/2025-11-02/1760794096.json"
"485268","36127","2025-11-03","25.00","AUD","1760794096","101429/2025-11-03/1760794096.json"
"485268","36127","2025-11-04","25.00","AUD","1760794096","101429/2025-11-04/1760794096.json"
"485268","36127","2025-11-05","25.00","AUD","1760794096","101429/2025-11-05/1760794096.json"
"485268","36127","2025-11-06","25.00","AUD","1760794096","101429/2025-11-06/1760794096.json"
"485268","36127","2025-11-12","25.00","AUD","1760794096","101429/2025-11-12/1760794096.json"
"485268","36127","2025-11-11","25.00","AUD","1760794096","101429/2025-11-11/1760794096.json"
"485268","36127","2025-11-13","25.00","AUD","1760794096","101429/2025-11-13/1760794096.json"
"485268","36127","2025-11-14","25.00","AUD","1760794096","101429/2025-11-14/1760794096.json"
"485268","36127","2025-11-16","25.00","AUD","1760794096","101429/2025-11-16/1760794096.json"
"485268","36127","2025-11-15","25.00","AUD","1760794096","101429/2025-11-15/1760794096.json"
"485268","36127","2025-11-17","25.00","AUD","1760794096","101429/2025-11-17/1760794096.json"
"485268","36127","2025-11-18","25.00","AUD","1760794096","101429/2025-11-18/1760794096.json"
"485268","36127","2025-11-19","25.00","AUD","1760794096","101429/2025-11-19/1760794096.json"
"485268","36127","2025-11-20","25.00","AUD","1760794096","101429/2025-11-20/1760794096.json"
"485268","36127","2025-11-21","25.00","AUD","1760794096","101429/2025-11-21/1760794096.json"
"485268","36127","2025-11-22","25.00","AUD","1760794096","101429/2025-11-22/1760794096.json"
"485268","36127","2025-11-23","25.00","AUD","1760794096","101429/2025-11-23/1760794096.json"
"485268","36127","2025-11-24","25.00","AUD","1760794096","101429/2025-11-24/1760794096.json"
"485268","36127","2025-11-25","25.00","AUD","1760794096","101429/2025-11-25/1760794096.json"
"485268","36127","2025-11-26","25.00","AUD","1760794096","101429/2025-11-26/1760794096.json"
"485268","36127","2025-11-28","25.00","AUD","1760794096","101429/2025-11-28/1760794096.json"
"485268","36127","2025-11-30","25.00","AUD","1760794096","101429/2025-11-30/1760794096.json"
"485268","36127","2025-11-29","25.00","AUD","1760794096","101429/2025-11-29/1760794096.json"
"485268","36127","2025-11-27","25.00","AUD","1760794096","101429/2025-11-27/1760794096.json"
"485273","36129","2025-10-20","25.00","AUD","1760807205","101429/2025-10-20/1760807205.json"
"485268","36127","2025-10-20","25.00","AUD","1760807205","101429/2025-10-20/1760807205.json"
"485268","36127","2025-10-19","25.00","AUD","1760807205","101429/2025-10-19/1760807205.json"
"485273","36129","2025-10-21","25.00","AUD","1760807205","101429/2025-10-21/1760807205.json"
"485268","36127","2025-10-21","25.00","AUD","1760807205","101429/2025-10-21/1760807205.json"
"485273","36129","2025-10-22","25.00","AUD","1760807205","101429/2025-10-22/1760807205.json"
"485268","36127","2025-10-22","25.00","AUD","1760807205","101429/2025-10-22/1760807205.json"
"485268","36127","2025-10-24","25.00","AUD","1760807205","101429/2025-10-24/1760807205.json"
"485273","36129","2025-10-23","25.00","AUD","1760807205","101429/2025-10-23/1760807205.json"
"485268","36127","2025-10-23","25.00","AUD","1760807205","101429/2025-10-23/1760807205.json"
"485268","36127","2025-10-25","25.00","AUD","1760807205","101429/2025-10-25/1760807205.json"
"485268","36127","2025-10-26","25.00","AUD","1760807205","101429/2025-10-26/1760807205.json"
"485268","36127","2025-10-27","25.00","AUD","1760807205","101429/2025-10-27/1760807205.json"
"485268","36127","2025-10-28","25.00","AUD","1760807205","101429/2025-10-28/1760807205.json"
"485268","36127","2025-10-29","25.00","AUD","1760807205","101429/2025-10-29/1760807205.json"
"485268","36127","2025-10-30","25.00","AUD","1760807205","101429/2025-10-30/1760807205.json"
"485268","36127","2025-10-31","25.00","AUD","1760807205","101429/2025-10-31/1760807205.json"
"485268","36127","2025-11-01","25.00","AUD","1760807205","101429/2025-11-01/1760807205.json"
"485268","36127","2025-11-02","25.00","AUD","1760807205","101429/2025-11-02/1760807205.json"
"485268","36127","2025-11-04","25.00","AUD","1760807205","101429/2025-11-04/1760807205.json"
"485268","36127","2025-11-03","25.00","AUD","1760807205","101429/2025-11-03/1760807205.json"
"485268","36127","2025-11-05","25.00","AUD","1760807205","101429/2025-11-05/1760807205.json"
"485268","36127","2025-11-06","25.00","AUD","1760807205","101429/2025-11-06/1760807205.json"
"485268","36127","2025-11-11","25.00","AUD","1760807205","101429/2025-11-11/1760807205.json"
"485268","36127","2025-11-12","25.00","AUD","1760807205","101429/2025-11-12/1760807205.json"
"485268","36127","2025-11-13","25.00","AUD","1760807205","101429/2025-11-13/1760807205.json"
"485268","36127","2025-11-14","25.00","AUD","1760807205","101429/2025-11-14/1760807205.json"
"485268","36127","2025-11-15","25.00","AUD","1760807205","101429/2025-11-15/1760807205.json"
"485268","36127","2025-11-16","25.00","AUD","1760807205","101429/2025-11-16/1760807205.json"
"485268","36127","2025-11-17","25.00","AUD","1760807205","101429/2025-11-17/1760807205.json"
"485268","36127","2025-11-18","25.00","AUD","1760807205","101429/2025-11-18/1760807205.json"
"485268","36127","2025-11-19","25.00","AUD","1760807205","101429/2025-11-19/1760807205.json"
"485268","36127","2025-11-20","25.00","AUD","1760807205","101429/2025-11-20/1760807205.json"
"485268","36127","2025-11-21","25.00","AUD","1760807205","101429/2025-11-21/1760807205.json"
"485268","36127","2025-11-22","25.00","AUD","1760807205","101429/2025-11-22/1760807205.json"
"485268","36127","2025-11-24","25.00","AUD","1760807205","101429/2025-11-24/1760807205.json"
"485268","36127","2025-11-23","25.00","AUD","1760807205","101429/2025-11-23/1760807205.json"
"485268","36127","2025-11-25","25.00","AUD","1760807205","101429/2025-11-25/1760807205.json"
"485268","36127","2025-11-28","25.00","AUD","1760807205","101429/2025-11-28/1760807205.json"
"485268","36127","2025-11-27","25.00","AUD","1760807205","101429/2025-11-27/1760807205.json"
"485268","36127","2025-11-26","25.00","AUD","1760807205","101429/2025-11-26/1760807205.json"
"485268","36127","2025-11-29","25.00","AUD","1760807205","101429/2025-11-29/1760807205.json"
"485268","36127","2025-11-30","25.00","AUD","1760807205","101429/2025-11-30/1760807205.json"
"485273","36129","2025-10-20","25.00","AUD","1760821157","101429/2025-10-20/1760821157.json"
"485268","36127","2025-10-20","25.00","AUD","1760821157","101429/2025-10-20/1760821157.json"
"485268","36127","2025-10-19","25.00","AUD","1760821157","101429/2025-10-19/1760821157.json"
"485273","36129","2025-10-21","25.00","AUD","1760821157","101429/2025-10-21/1760821157.json"
"485268","36127","2025-10-21","25.00","AUD","1760821157","101429/2025-10-21/1760821157.json"
"485273","36129","2025-10-22","25.00","AUD","1760821157","101429/2025-10-22/1760821157.json"
"485268","36127","2025-10-22","25.00","AUD","1760821157","101429/2025-10-22/1760821157.json"
"485268","36127","2025-10-24","25.00","AUD","1760821157","101429/2025-10-24/1760821157.json"
"485273","36129","2025-10-23","25.00","AUD","1760821157","101429/2025-10-23/1760821157.json"
"485268","36127","2025-10-23","25.00","AUD","1760821157","101429/2025-10-23/1760821157.json"
"485268","36127","2025-10-25","25.00","AUD","1760821157","101429/2025-10-25/1760821157.json"
"485268","36127","2025-10-26","25.00","AUD","1760821157","101429/2025-10-26/1760821157.json"
"485268","36127","2025-10-27","25.00","AUD","1760821157","101429/2025-10-27/1760821157.json"
"485268","36127","2025-10-29","25.00","AUD","1760821157","101429/2025-10-29/1760821157.json"
"485268","36127","2025-10-28","25.00","AUD","1760821157","101429/2025-10-28/1760821157.json"
"485268","36127","2025-10-30","25.00","AUD","1760821157","101429/2025-10-30/1760821157.json"
"485268","36127","2025-10-31","25.00","AUD","1760821157","101429/2025-10-31/1760821157.json"
"485268","36127","2025-11-01","25.00","AUD","1760821157","101429/2025-11-01/1760821157.json"
"485268","36127","2025-11-03","25.00","AUD","1760821157","101429/2025-11-03/1760821157.json"
"485268","36127","2025-11-02","25.00","AUD","1760821157","101429/2025-11-02/1760821157.json"
"485268","36127","2025-11-04","25.00","AUD","1760821157","101429/2025-11-04/1760821157.json"
"485268","36127","2025-11-06","25.00","AUD","1760821157","101429/2025-11-06/1760821157.json"
"485268","36127","2025-11-05","25.00","AUD","1760821157","101429/2025-11-05/1760821157.json"
"485268","36127","2025-11-11","25.00","AUD","1760821157","101429/2025-11-11/1760821157.json"
"485268","36127","2025-11-12","25.00","AUD","1760821157","101429/2025-11-12/1760821157.json"
"485268","36127","2025-11-13","25.00","AUD","1760821157","101429/2025-11-13/1760821157.json"
"485268","36127","2025-11-14","25.00","AUD","1760821157","101429/2025-11-14/1760821157.json"
"485268","36127","2025-11-15","25.00","AUD","1760821157","101429/2025-11-15/1760821157.json"
"485268","36127","2025-11-16","25.00","AUD","1760821157","101429/2025-11-16/1760821157.json"
"485268","36127","2025-11-17","25.00","AUD","1760821157","101429/2025-11-17/1760821157.json"
"485268","36127","2025-11-18","25.00","AUD","1760821157","101429/2025-11-18/1760821157.json"
"485268","36127","2025-11-19","25.00","AUD","1760821157","101429/2025-11-19/1760821157.json"
"485268","36127","2025-11-20","25.00","AUD","1760821157","101429/2025-11-20/1760821157.json"
"485268","36127","2025-11-21","25.00","AUD","1760821157","101429/2025-11-21/1760821157.json"
"485268","36127","2025-11-22","25.00","AUD","1760821157","101429/2025-11-22/1760821157.json"
"485268","36127","2025-11-23","25.00","AUD","1760821157","101429/2025-11-23/1760821157.json"
"485268","36127","2025-11-24","25.00","AUD","1760821157","101429/2025-11-24/1760821157.json"
"485268","36127","2025-11-25","25.00","AUD","1760821157","101429/2025-11-25/1760821157.json"
"485268","36127","2025-11-26","25.00","AUD","1760821157","101429/2025-11-26/1760821157.json"
"485268","36127","2025-11-27","25.00","AUD","1760821157","101429/2025-11-27/1760821157.json"
"485268","36127","2025-11-28","25.00","AUD","1760821157","101429/2025-11-28/1760821157.json"
"485268","36127","2025-11-29","25.00","AUD","1760821157","101429/2025-11-29/1760821157.json"
"485268","36127","2025-11-30","25.00","AUD","1760821157","101429/2025-11-30/1760821157.json"
"485273","36129","2025-10-21","25.00","AUD","1760846216","101429/2025-10-21/1760846216.json"
"485268","36127","2025-10-21","25.00","AUD","1760846216","101429/2025-10-21/1760846216.json"
"485273","36129","2025-10-22","25.00","AUD","1760846216","101429/2025-10-22/1760846216.json"
"485268","36127","2025-10-22","25.00","AUD","1760846216","101429/2025-10-22/1760846216.json"
"485268","36127","2025-10-19","25.00","AUD","1760846216","101429/2025-10-19/1760846216.json"
"485273","36129","2025-10-20","25.00","AUD","1760846216","101429/2025-10-20/1760846216.json"
"485268","36127","2025-10-20","25.00","AUD","1760846216","101429/2025-10-20/1760846216.json"
"485268","36127","2025-10-24","25.00","AUD","1760846216","101429/2025-10-24/1760846216.json"
"485268","36127","2025-10-26","25.00","AUD","1760846216","101429/2025-10-26/1760846216.json"
"485273","36129","2025-10-23","25.00","AUD","1760846216","101429/2025-10-23/1760846216.json"
"485268","36127","2025-10-23","25.00","AUD","1760846216","101429/2025-10-23/1760846216.json"
"485268","36127","2025-10-25","25.00","AUD","1760846216","101429/2025-10-25/1760846216.json"
"485268","36127","2025-10-27","25.00","AUD","1760846216","101429/2025-10-27/1760846216.json"
"485268","36127","2025-10-29","25.00","AUD","1760846216","101429/2025-10-29/1760846216.json"
"485268","36127","2025-10-28","25.00","AUD","1760846216","101429/2025-10-28/1760846216.json"
"485268","36127","2025-10-30","25.00","AUD","1760846216","101429/2025-10-30/1760846216.json"
"485268","36127","2025-10-31","25.00","AUD","1760846216","101429/2025-10-31/1760846216.json"
"485268","36127","2025-11-01","25.00","AUD","1760846216","101429/2025-11-01/1760846216.json"
"485268","36127","2025-11-02","25.00","AUD","1760846216","101429/2025-11-02/1760846216.json"
"485268","36127","2025-11-03","25.00","AUD","1760846216","101429/2025-11-03/1760846216.json"
"485268","36127","2025-11-04","25.00","AUD","1760846216","101429/2025-11-04/1760846216.json"
"485268","36127","2025-11-05","25.00","AUD","1760846216","101429/2025-11-05/1760846216.json"
"485268","36127","2025-11-06","25.00","AUD","1760846216","101429/2025-11-06/1760846216.json"
"485268","36127","2025-11-11","25.00","AUD","1760846216","101429/2025-11-11/1760846216.json"
"485268","36127","2025-11-12","25.00","AUD","1760846216","101429/2025-11-12/1760846216.json"
"485268","36127","2025-11-13","25.00","AUD","1760846216","101429/2025-11-13/1760846216.json"
"485268","36127","2025-11-14","25.00","AUD","1760846216","101429/2025-11-14/1760846216.json"
"485268","36127","2025-11-15","25.00","AUD","1760846216","101429/2025-11-15/1760846216.json"
"485268","36127","2025-11-16","25.00","AUD","1760846216","101429/2025-11-16/1760846216.json"
"485268","36127","2025-11-17","25.00","AUD","1760846216","101429/2025-11-17/1760846216.json"
"485268","36127","2025-11-18","25.00","AUD","1760846216","101429/2025-11-18/1760846216.json"
"485268","36127","2025-11-19","25.00","AUD","1760846216","101429/2025-11-19/1760846216.json"
"485268","36127","2025-11-20","25.00","AUD","1760846216","101429/2025-11-20/1760846216.json"
"485268","36127","2025-11-21","25.00","AUD","1760846216","101429/2025-11-21/1760846216.json"
"485268","36127","2025-11-22","25.00","AUD","1760846216","101429/2025-11-22/1760846216.json"
"485268","36127","2025-11-23","25.00","AUD","1760846216","101429/2025-11-23/1760846216.json"
"485268","36127","2025-11-24","25.00","AUD","1760846216","101429/2025-11-24/1760846216.json"
"485268","36127","2025-11-26","25.00","AUD","1760846216","101429/2025-11-26/1760846216.json"
"485268","36127","2025-11-27","25.00","AUD","1760846216","101429/2025-11-27/1760846216.json"
"485268","36127","2025-11-25","25.00","AUD","1760846216","101429/2025-11-25/1760846216.json"
"485268","36127","2025-11-28","25.00","AUD","1760846216","101429/2025-11-28/1760846216.json"
"485268","36127","2025-11-29","25.00","AUD","1760846216","101429/2025-11-29/1760846216.json"
"485268","36127","2025-11-30","25.00","AUD","1760846216","101429/2025-11-30/1760846216.json"
"485273","36129","2025-10-21","25.00","AUD","1760850193","101429/2025-10-21/1760850193.json"
"485268","36127","2025-10-21","25.00","AUD","1760850193","101429/2025-10-21/1760850193.json"
"485273","36129","2025-10-20","25.00","AUD","1760850193","101429/2025-10-20/1760850193.json"
"485268","36127","2025-10-20","25.00","AUD","1760850193","101429/2025-10-20/1760850193.json"
"485273","36129","2025-10-22","25.00","AUD","1760850193","101429/2025-10-22/1760850193.json"
"485268","36127","2025-10-22","25.00","AUD","1760850193","101429/2025-10-22/1760850193.json"
"485268","36127","2025-10-19","25.00","AUD","1760850193","101429/2025-10-19/1760850193.json"
"485268","36127","2025-10-24","25.00","AUD","1760850193","101429/2025-10-24/1760850193.json"
"485273","36129","2025-10-23","25.00","AUD","1760850193","101429/2025-10-23/1760850193.json"
"485268","36127","2025-10-23","25.00","AUD","1760850193","101429/2025-10-23/1760850193.json"
"485268","36127","2025-10-25","25.00","AUD","1760850193","101429/2025-10-25/1760850193.json"
"485268","36127","2025-10-26","25.00","AUD","1760850193","101429/2025-10-26/1760850193.json"
"485268","36127","2025-10-27","25.00","AUD","1760850193","101429/2025-10-27/1760850193.json"
"485268","36127","2025-10-29","25.00","AUD","1760850193","101429/2025-10-29/1760850193.json"
"485268","36127","2025-10-31","25.00","AUD","1760850193","101429/2025-10-31/1760850193.json"
"485268","36127","2025-10-30","25.00","AUD","1760850193","101429/2025-10-30/1760850193.json"
"485268","36127","2025-11-01","25.00","AUD","1760850193","101429/2025-11-01/1760850193.json"
"485268","36127","2025-10-28","25.00","AUD","1760850193","101429/2025-10-28/1760850193.json"
"485268","36127","2025-11-03","25.00","AUD","1760850193","101429/2025-11-03/1760850193.json"
"485268","36127","2025-11-02","25.00","AUD","1760850193","101429/2025-11-02/1760850193.json"
"485268","36127","2025-11-04","25.00","AUD","1760850193","101429/2025-11-04/1760850193.json"
"485268","36127","2025-11-05","25.00","AUD","1760850193","101429/2025-11-05/1760850193.json"
"485268","36127","2025-11-06","25.00","AUD","1760850193","101429/2025-11-06/1760850193.json"
"485268","36127","2025-11-11","25.00","AUD","1760850193","101429/2025-11-11/1760850193.json"
"485268","36127","2025-11-12","25.00","AUD","1760850193","101429/2025-11-12/1760850193.json"
"485268","36127","2025-11-13","25.00","AUD","1760850193","101429/2025-11-13/1760850193.json"
"485268","36127","2025-11-14","25.00","AUD","1760850193","101429/2025-11-14/1760850193.json"
"485268","36127","2025-11-16","25.00","AUD","1760850193","101429/2025-11-16/1760850193.json"
"485268","36127","2025-11-15","25.00","AUD","1760850193","101429/2025-11-15/1760850193.json"
"485268","36127","2025-11-17","25.00","AUD","1760850193","101429/2025-11-17/1760850193.json"
"485268","36127","2025-11-18","25.00","AUD","1760850193","101429/2025-11-18/1760850193.json"
"485268","36127","2025-11-19","25.00","AUD","1760850193","101429/2025-11-19/1760850193.json"
"485268","36127","2025-11-20","25.00","AUD","1760850193","101429/2025-11-20/1760850193.json"
"485268","36127","2025-11-21","25.00","AUD","1760850193","101429/2025-11-21/1760850193.json"
"485268","36127","2025-11-22","25.00","AUD","1760850193","101429/2025-11-22/1760850193.json"
"485268","36127","2025-11-24","25.00","AUD","1760850193","101429/2025-11-24/1760850193.json"
"485268","36127","2025-11-23","25.00","AUD","1760850193","101429/2025-11-23/1760850193.json"
"485268","36127","2025-11-26","25.00","AUD","1760850193","101429/2025-11-26/1760850193.json"
"485268","36127","2025-11-25","25.00","AUD","1760850193","101429/2025-11-25/1760850193.json"
"485268","36127","2025-11-27","25.00","AUD","1760850193","101429/2025-11-27/1760850193.json"
"485268","36127","2025-11-28","25.00","AUD","1760850193","101429/2025-11-28/1760850193.json"
"485268","36127","2025-11-29","25.00","AUD","1760850193","101429/2025-11-29/1760850193.json"
"485268","36127","2025-11-30","25.00","AUD","1760850193","101429/2025-11-30/1760850193.json"
"485273","36129","2025-10-21","25.00","AUD","1760864402","101429/2025-10-21/1760864402.json"
"485268","36127","2025-10-21","25.00","AUD","1760864402","101429/2025-10-21/1760864402.json"
"485273","36129","2025-10-20","25.00","AUD","1760864402","101429/2025-10-20/1760864402.json"
"485268","36127","2025-10-20","25.00","AUD","1760864402","101429/2025-10-20/1760864402.json"
"485273","36129","2025-10-22","25.00","AUD","1760864402","101429/2025-10-22/1760864402.json"
"485268","36127","2025-10-22","25.00","AUD","1760864402","101429/2025-10-22/1760864402.json"
"485268","36127","2025-10-24","25.00","AUD","1760864402","101429/2025-10-24/1760864402.json"
"485268","36127","2025-10-25","25.00","AUD","1760864402","101429/2025-10-25/1760864402.json"
"485268","36127","2025-10-26","25.00","AUD","1760864402","101429/2025-10-26/1760864402.json"
"485273","36129","2025-10-23","25.00","AUD","1760864402","101429/2025-10-23/1760864402.json"
"485268","36127","2025-10-23","25.00","AUD","1760864402","101429/2025-10-23/1760864402.json"
"485268","36127","2025-10-27","25.00","AUD","1760864402","101429/2025-10-27/1760864402.json"
"485268","36127","2025-10-28","25.00","AUD","1760864402","101429/2025-10-28/1760864402.json"
"485268","36127","2025-10-30","25.00","AUD","1760864402","101429/2025-10-30/1760864402.json"
"485268","36127","2025-10-31","25.00","AUD","1760864402","101429/2025-10-31/1760864402.json"
"485268","36127","2025-11-01","25.00","AUD","1760864402","101429/2025-11-01/1760864402.json"
"485268","36127","2025-10-29","25.00","AUD","1760864402","101429/2025-10-29/1760864402.json"
"485268","36127","2025-11-02","25.00","AUD","1760864402","101429/2025-11-02/1760864402.json"
"485268","36127","2025-11-03","25.00","AUD","1760864402","101429/2025-11-03/1760864402.json"
"485268","36127","2025-11-05","25.00","AUD","1760864402","101429/2025-11-05/1760864402.json"
"485268","36127","2025-11-06","25.00","AUD","1760864402","101429/2025-11-06/1760864402.json"
"485268","36127","2025-11-04","25.00","AUD","1760864402","101429/2025-11-04/1760864402.json"
"485268","36127","2025-11-11","25.00","AUD","1760864402","101429/2025-11-11/1760864402.json"
"485268","36127","2025-11-12","25.00","AUD","1760864402","101429/2025-11-12/1760864402.json"
"485268","36127","2025-11-13","25.00","AUD","1760864402","101429/2025-11-13/1760864402.json"
"485268","36127","2025-11-15","25.00","AUD","1760864402","101429/2025-11-15/1760864402.json"
"485268","36127","2025-11-14","25.00","AUD","1760864402","101429/2025-11-14/1760864402.json"
"485268","36127","2025-11-16","25.00","AUD","1760864402","101429/2025-11-16/1760864402.json"
"485268","36127","2025-11-17","25.00","AUD","1760864402","101429/2025-11-17/1760864402.json"
"485268","36127","2025-11-18","25.00","AUD","1760864402","101429/2025-11-18/1760864402.json"
"485268","36127","2025-11-19","25.00","AUD","1760864402","101429/2025-11-19/1760864402.json"
"485268","36127","2025-11-20","25.00","AUD","1760864402","101429/2025-11-20/1760864402.json"
"485268","36127","2025-11-22","25.00","AUD","1760864402","101429/2025-11-22/1760864402.json"
"485268","36127","2025-11-21","25.00","AUD","1760864402","101429/2025-11-21/1760864402.json"
"485268","36127","2025-11-23","25.00","AUD","1760864402","101429/2025-11-23/1760864402.json"
"485268","36127","2025-11-24","25.00","AUD","1760864402","101429/2025-11-24/1760864402.json"
"485268","36127","2025-11-25","25.00","AUD","1760864402","101429/2025-11-25/1760864402.json"
"485268","36127","2025-11-26","25.00","AUD","1760864402","101429/2025-11-26/1760864402.json"
"485268","36127","2025-11-27","25.00","AUD","1760864402","101429/2025-11-27/1760864402.json"
"485268","36127","2025-11-28","25.00","AUD","1760864402","101429/2025-11-28/1760864402.json"
"485268","36127","2025-11-29","25.00","AUD","1760864402","101429/2025-11-29/1760864402.json"
"485268","36127","2025-11-30","25.00","AUD","1760864402","101429/2025-11-30/1760864402.json"
"485273","36129","2025-10-20","25.00","AUD","1760880589","101429/2025-10-20/1760880589.json"
"485268","36127","2025-10-20","25.00","AUD","1760880589","101429/2025-10-20/1760880589.json"
"485273","36129","2025-10-22","25.00","AUD","1760880589","101429/2025-10-22/1760880589.json"
"485268","36127","2025-10-22","25.00","AUD","1760880589","101429/2025-10-22/1760880589.json"
"485273","36129","2025-10-21","25.00","AUD","1760880589","101429/2025-10-21/1760880589.json"
"485268","36127","2025-10-21","25.00","AUD","1760880589","101429/2025-10-21/1760880589.json"
"485268","36127","2025-10-24","25.00","AUD","1760880589","101429/2025-10-24/1760880589.json"
"485273","36129","2025-10-23","25.00","AUD","1760880589","101429/2025-10-23/1760880589.json"
"485268","36127","2025-10-23","25.00","AUD","1760880589","101429/2025-10-23/1760880589.json"
"485268","36127","2025-10-25","25.00","AUD","1760880589","101429/2025-10-25/1760880589.json"
"485268","36127","2025-10-26","25.00","AUD","1760880589","101429/2025-10-26/1760880589.json"
"485268","36127","2025-10-28","25.00","AUD","1760880589","101429/2025-10-28/1760880589.json"
"485268","36127","2025-10-29","25.00","AUD","1760880589","101429/2025-10-29/1760880589.json"
"485268","36127","2025-10-27","25.00","AUD","1760880589","101429/2025-10-27/1760880589.json"
"485268","36127","2025-10-30","25.00","AUD","1760880589","101429/2025-10-30/1760880589.json"
"485268","36127","2025-10-31","25.00","AUD","1760880589","101429/2025-10-31/1760880589.json"
"485268","36127","2025-11-02","25.00","AUD","1760880589","101429/2025-11-02/1760880589.json"
"485268","36127","2025-11-01","25.00","AUD","1760880589","101429/2025-11-01/1760880589.json"
"485268","36127","2025-11-03","25.00","AUD","1760880589","101429/2025-11-03/1760880589.json"
"485268","36127","2025-11-06","25.00","AUD","1760880589","101429/2025-11-06/1760880589.json"
"485268","36127","2025-11-05","25.00","AUD","1760880589","101429/2025-11-05/1760880589.json"
"485268","36127","2025-11-04","25.00","AUD","1760880589","101429/2025-11-04/1760880589.json"
"485268","36127","2025-11-11","25.00","AUD","1760880589","101429/2025-11-11/1760880589.json"
"485268","36127","2025-11-13","25.00","AUD","1760880589","101429/2025-11-13/1760880589.json"
"485268","36127","2025-11-12","25.00","AUD","1760880589","101429/2025-11-12/1760880589.json"
"485268","36127","2025-11-15","25.00","AUD","1760880589","101429/2025-11-15/1760880589.json"
"485268","36127","2025-11-14","25.00","AUD","1760880589","101429/2025-11-14/1760880589.json"
"485268","36127","2025-11-16","25.00","AUD","1760880589","101429/2025-11-16/1760880589.json"
"485268","36127","2025-11-17","25.00","AUD","1760880589","101429/2025-11-17/1760880589.json"
"485268","36127","2025-11-18","25.00","AUD","1760880589","101429/2025-11-18/1760880589.json"
"485268","36127","2025-11-20","25.00","AUD","1760880589","101429/2025-11-20/1760880589.json"
"485268","36127","2025-11-19","25.00","AUD","1760880589","101429/2025-11-19/1760880589.json"
"485268","36127","2025-11-21","25.00","AUD","1760880589","101429/2025-11-21/1760880589.json"
"485268","36127","2025-11-24","25.00","AUD","1760880589","101429/2025-11-24/1760880589.json"
"485268","36127","2025-11-25","25.00","AUD","1760880589","101429/2025-11-25/1760880589.json"
"485268","36127","2025-11-23","25.00","AUD","1760880589","101429/2025-11-23/1760880589.json"
"485268","36127","2025-11-22","25.00","AUD","1760880589","101429/2025-11-22/1760880589.json"
"485268","36127","2025-11-27","25.00","AUD","1760880589","101429/2025-11-27/1760880589.json"
"485268","36127","2025-11-26","25.00","AUD","1760880589","101429/2025-11-26/1760880589.json"
"485268","36127","2025-11-28","25.00","AUD","1760880589","101429/2025-11-28/1760880589.json"
"485268","36127","2025-11-29","25.00","AUD","1760880589","101429/2025-11-29/1760880589.json"
"485268","36127","2025-11-30","25.00","AUD","1760880589","101429/2025-11-30/1760880589.json"
"485273","36129","2025-10-20","25.00","AUD","1760893345","101429/2025-10-20/1760893345.json"
"485268","36127","2025-10-20","25.00","AUD","1760893345","101429/2025-10-20/1760893345.json"
"485273","36129","2025-10-21","25.00","AUD","1760893345","101429/2025-10-21/1760893345.json"
"485268","36127","2025-10-21","25.00","AUD","1760893345","101429/2025-10-21/1760893345.json"
"485273","36129","2025-10-22","25.00","AUD","1760893345","101429/2025-10-22/1760893345.json"
"485268","36127","2025-10-22","25.00","AUD","1760893345","101429/2025-10-22/1760893345.json"
"485273","36129","2025-10-23","25.00","AUD","1760893345","101429/2025-10-23/1760893345.json"
"485268","36127","2025-10-23","25.00","AUD","1760893345","101429/2025-10-23/1760893345.json"
"485268","36127","2025-10-24","25.00","AUD","1760893345","101429/2025-10-24/1760893345.json"
"485268","36127","2025-10-26","25.00","AUD","1760893345","101429/2025-10-26/1760893345.json"
"485268","36127","2025-10-27","25.00","AUD","1760893345","101429/2025-10-27/1760893345.json"
"485268","36127","2025-10-25","25.00","AUD","1760893345","101429/2025-10-25/1760893345.json"
"485268","36127","2025-10-28","25.00","AUD","1760893345","101429/2025-10-28/1760893345.json"
"485268","36127","2025-10-29","25.00","AUD","1760893345","101429/2025-10-29/1760893345.json"
"485268","36127","2025-10-30","25.00","AUD","1760893345","101429/2025-10-30/1760893345.json"
"485268","36127","2025-10-31","25.00","AUD","1760893345","101429/2025-10-31/1760893345.json"
"485268","36127","2025-11-01","25.00","AUD","1760893345","101429/2025-11-01/1760893345.json"
"485268","36127","2025-11-02","25.00","AUD","1760893345","101429/2025-11-02/1760893345.json"
"485268","36127","2025-11-04","25.00","AUD","1760893345","101429/2025-11-04/1760893345.json"
"485268","36127","2025-11-03","25.00","AUD","1760893345","101429/2025-11-03/1760893345.json"
"485268","36127","2025-11-06","25.00","AUD","1760893345","101429/2025-11-06/1760893345.json"
"485268","36127","2025-11-05","25.00","AUD","1760893345","101429/2025-11-05/1760893345.json"
"485268","36127","2025-11-11","25.00","AUD","1760893345","101429/2025-11-11/1760893345.json"
"485268","36127","2025-11-12","25.00","AUD","1760893345","101429/2025-11-12/1760893345.json"
"485268","36127","2025-11-13","25.00","AUD","1760893345","101429/2025-11-13/1760893345.json"
"485268","36127","2025-11-15","25.00","AUD","1760893345","101429/2025-11-15/1760893345.json"
"485268","36127","2025-11-14","25.00","AUD","1760893345","101429/2025-11-14/1760893345.json"
"485268","36127","2025-11-16","25.00","AUD","1760893345","101429/2025-11-16/1760893345.json"
"485268","36127","2025-11-17","25.00","AUD","1760893345","101429/2025-11-17/1760893345.json"
"485268","36127","2025-11-19","25.00","AUD","1760893345","101429/2025-11-19/1760893345.json"
"485268","36127","2025-11-20","25.00","AUD","1760893345","101429/2025-11-20/1760893345.json"
"485268","36127","2025-11-21","25.00","AUD","1760893345","101429/2025-11-21/1760893345.json"
"485268","36127","2025-11-18","25.00","AUD","1760893345","101429/2025-11-18/1760893345.json"
"485268","36127","2025-11-22","25.00","AUD","1760893345","101429/2025-11-22/1760893345.json"
"485268","36127","2025-11-24","25.00","AUD","1760893345","101429/2025-11-24/1760893345.json"
"485268","36127","2025-11-23","25.00","AUD","1760893345","101429/2025-11-23/1760893345.json"
"485268","36127","2025-11-25","25.00","AUD","1760893345","101429/2025-11-25/1760893345.json"
"485268","36127","2025-11-26","25.00","AUD","1760893345","101429/2025-11-26/1760893345.json"
"485268","36127","2025-11-27","25.00","AUD","1760893345","101429/2025-11-27/1760893345.json"
"485268","36127","2025-11-28","25.00","AUD","1760893345","101429/2025-11-28/1760893345.json"
"485268","36127","2025-11-30","25.00","AUD","1760893345","101429/2025-11-30/1760893345.json"
"485268","36127","2025-11-29","25.00","AUD","1760893345","101429/2025-11-29/1760893345.json"
"485273","36129","2025-10-20","25.00","AUD","1760907428","101429/2025-10-20/1760907428.json"
"485268","36127","2025-10-20","25.00","AUD","1760907428","101429/2025-10-20/1760907428.json"
"485273","36129","2025-10-21","25.00","AUD","1760907428","101429/2025-10-21/1760907428.json"
"485268","36127","2025-10-21","25.00","AUD","1760907428","101429/2025-10-21/1760907428.json"
"485273","36129","2025-10-22","25.00","AUD","1760907428","101429/2025-10-22/1760907428.json"
"485268","36127","2025-10-22","25.00","AUD","1760907428","101429/2025-10-22/1760907428.json"
"485273","36129","2025-10-23","25.00","AUD","1760907428","101429/2025-10-23/1760907428.json"
"485268","36127","2025-10-23","25.00","AUD","1760907428","101429/2025-10-23/1760907428.json"
"485268","36127","2025-10-26","25.00","AUD","1760907428","101429/2025-10-26/1760907428.json"
"485268","36127","2025-10-24","25.00","AUD","1760907428","101429/2025-10-24/1760907428.json"
"485268","36127","2025-10-25","25.00","AUD","1760907428","101429/2025-10-25/1760907428.json"
"485268","36127","2025-10-27","25.00","AUD","1760907428","101429/2025-10-27/1760907428.json"
"485268","36127","2025-10-30","25.00","AUD","1760907428","101429/2025-10-30/1760907428.json"
"485268","36127","2025-10-29","25.00","AUD","1760907428","101429/2025-10-29/1760907428.json"
"485268","36127","2025-10-28","25.00","AUD","1760907428","101429/2025-10-28/1760907428.json"
"485268","36127","2025-10-31","25.00","AUD","1760907428","101429/2025-10-31/1760907428.json"
"485268","36127","2025-11-01","25.00","AUD","1760907428","101429/2025-11-01/1760907428.json"
"485268","36127","2025-11-02","25.00","AUD","1760907428","101429/2025-11-02/1760907428.json"
"485268","36127","2025-11-03","25.00","AUD","1760907428","101429/2025-11-03/1760907428.json"
"485268","36127","2025-11-04","25.00","AUD","1760907428","101429/2025-11-04/1760907428.json"
"485268","36127","2025-11-05","25.00","AUD","1760907428","101429/2025-11-05/1760907428.json"
"485268","36127","2025-11-06","25.00","AUD","1760907428","101429/2025-11-06/1760907428.json"
"485268","36127","2025-11-11","25.00","AUD","1760907428","101429/2025-11-11/1760907428.json"
"485268","36127","2025-11-12","25.00","AUD","1760907428","101429/2025-11-12/1760907428.json"
"485268","36127","2025-11-13","25.00","AUD","1760907428","101429/2025-11-13/1760907428.json"
"485268","36127","2025-11-14","25.00","AUD","1760907428","101429/2025-11-14/1760907428.json"
"485268","36127","2025-11-15","25.00","AUD","1760907428","101429/2025-11-15/1760907428.json"
"485268","36127","2025-11-16","25.00","AUD","1760907428","101429/2025-11-16/1760907428.json"
"485268","36127","2025-11-17","25.00","AUD","1760907428","101429/2025-11-17/1760907428.json"
"485268","36127","2025-11-19","25.00","AUD","1760907428","101429/2025-11-19/1760907428.json"
"485268","36127","2025-11-20","25.00","AUD","1760907428","101429/2025-11-20/1760907428.json"
"485268","36127","2025-11-18","25.00","AUD","1760907428","101429/2025-11-18/1760907428.json"
"485268","36127","2025-11-21","25.00","AUD","1760907428","101429/2025-11-21/1760907428.json"
"485268","36127","2025-11-22","25.00","AUD","1760907428","101429/2025-11-22/1760907428.json"
"485268","36127","2025-11-23","25.00","AUD","1760907428","101429/2025-11-23/1760907428.json"
"485268","36127","2025-11-24","25.00","AUD","1760907428","101429/2025-11-24/1760907428.json"
"485268","36127","2025-11-26","25.00","AUD","1760907428","101429/2025-11-26/1760907428.json"
"485268","36127","2025-11-25","25.00","AUD","1760907428","101429/2025-11-25/1760907428.json"
"485268","36127","2025-11-27","25.00","AUD","1760907428","101429/2025-11-27/1760907428.json"
"485268","36127","2025-11-28","25.00","AUD","1760907428","101429/2025-11-28/1760907428.json"
"485268","36127","2025-11-30","25.00","AUD","1760907428","101429/2025-11-30/1760907428.json"
"485268","36127","2025-11-29","25.00","AUD","1760907428","101429/2025-11-29/1760907428.json"
"485273","36129","2025-10-23","25.00","AUD","1760932957","101429/2025-10-23/1760932957.json"
"485273","36129","2025-10-22","25.00","AUD","1760932957","101429/2025-10-22/1760932957.json"
"485268","36127","2025-10-23","25.00","AUD","1760932957","101429/2025-10-23/1760932957.json"
"485273","36129","2025-10-20","25.00","AUD","1760932957","101429/2025-10-20/1760932957.json"
"485268","36127","2025-10-20","25.00","AUD","1760932957","101429/2025-10-20/1760932957.json"
"485273","36129","2025-10-21","25.00","AUD","1760932957","101429/2025-10-21/1760932957.json"
"485268","36127","2025-10-25","25.00","AUD","1760932957","101429/2025-10-25/1760932957.json"
"485268","36127","2025-10-26","25.00","AUD","1760932957","101429/2025-10-26/1760932957.json"
"485268","36127","2025-10-27","25.00","AUD","1760932957","101429/2025-10-27/1760932957.json"
"485268","36127","2025-10-24","25.00","AUD","1760932957","101429/2025-10-24/1760932957.json"
"485268","36127","2025-10-28","25.00","AUD","1760932957","101429/2025-10-28/1760932957.json"
"485268","36127","2025-10-29","25.00","AUD","1760932957","101429/2025-10-29/1760932957.json"
"485268","36127","2025-10-30","25.00","AUD","1760932957","101429/2025-10-30/1760932957.json"
"485268","36127","2025-10-31","25.00","AUD","1760932957","101429/2025-10-31/1760932957.json"
"485268","36127","2025-11-02","25.00","AUD","1760932957","101429/2025-11-02/1760932957.json"
"485268","36127","2025-11-01","25.00","AUD","1760932957","101429/2025-11-01/1760932957.json"
"485268","36127","2025-11-03","25.00","AUD","1760932957","101429/2025-11-03/1760932957.json"
"485268","36127","2025-11-04","25.00","AUD","1760932957","101429/2025-11-04/1760932957.json"
"485268","36127","2025-11-05","25.00","AUD","1760932957","101429/2025-11-05/1760932957.json"
"485268","36127","2025-11-06","25.00","AUD","1760932957","101429/2025-11-06/1760932957.json"
"485268","36127","2025-11-11","25.00","AUD","1760932957","101429/2025-11-11/1760932957.json"
"485268","36127","2025-11-12","25.00","AUD","1760932957","101429/2025-11-12/1760932957.json"
"485268","36127","2025-11-13","25.00","AUD","1760932957","101429/2025-11-13/1760932957.json"
"485268","36127","2025-11-15","25.00","AUD","1760932957","101429/2025-11-15/1760932957.json"
"485268","36127","2025-11-16","25.00","AUD","1760932957","101429/2025-11-16/1760932957.json"
"485268","36127","2025-11-14","25.00","AUD","1760932957","101429/2025-11-14/1760932957.json"
"485268","36127","2025-11-17","25.00","AUD","1760932957","101429/2025-11-17/1760932957.json"
"485268","36127","2025-11-18","25.00","AUD","1760932957","101429/2025-11-18/1760932957.json"
"485268","36127","2025-11-19","25.00","AUD","1760932957","101429/2025-11-19/1760932957.json"
"485268","36127","2025-11-20","25.00","AUD","1760932957","101429/2025-11-20/1760932957.json"
"485268","36127","2025-11-21","25.00","AUD","1760932957","101429/2025-11-21/1760932957.json"
"485268","36127","2025-11-22","25.00","AUD","1760932957","101429/2025-11-22/1760932957.json"
"485268","36127","2025-11-23","25.00","AUD","1760932957","101429/2025-11-23/1760932957.json"
"485268","36127","2025-11-24","25.00","AUD","1760932957","101429/2025-11-24/1760932957.json"
"485268","36127","2025-11-25","25.00","AUD","1760932957","101429/2025-11-25/1760932957.json"
"485268","36127","2025-11-26","25.00","AUD","1760932957","101429/2025-11-26/1760932957.json"
"485268","36127","2025-11-28","25.00","AUD","1760932957","101429/2025-11-28/1760932957.json"
"485268","36127","2025-11-27","25.00","AUD","1760932957","101429/2025-11-27/1760932957.json"
"485268","36127","2025-11-29","25.00","AUD","1760932957","101429/2025-11-29/1760932957.json"
"485268","36127","2025-11-30","25.00","AUD","1760932957","101429/2025-11-30/1760932957.json"
"485273","36129","2025-10-23","25.00","AUD","1760937010","101429/2025-10-23/1760937010.json"
"485268","36127","2025-10-23","25.00","AUD","1760937010","101429/2025-10-23/1760937010.json"
"485273","36129","2025-10-22","25.00","AUD","1760937010","101429/2025-10-22/1760937010.json"
"485273","36129","2025-10-21","25.00","AUD","1760937010","101429/2025-10-21/1760937010.json"
"485273","36129","2025-10-20","25.00","AUD","1760937010","101429/2025-10-20/1760937010.json"
"485268","36127","2025-10-20","25.00","AUD","1760937010","101429/2025-10-20/1760937010.json"
"485268","36127","2025-10-24","25.00","AUD","1760937010","101429/2025-10-24/1760937010.json"
"485268","36127","2025-10-27","25.00","AUD","1760937010","101429/2025-10-27/1760937010.json"
"485268","36127","2025-10-29","25.00","AUD","1760937010","101429/2025-10-29/1760937010.json"
"485268","36127","2025-10-30","25.00","AUD","1760937010","101429/2025-10-30/1760937010.json"
"485268","36127","2025-10-28","25.00","AUD","1760937010","101429/2025-10-28/1760937010.json"
"485268","36127","2025-10-31","25.00","AUD","1760937010","101429/2025-10-31/1760937010.json"
"485268","36127","2025-11-02","25.00","AUD","1760937010","101429/2025-11-02/1760937010.json"
"485268","36127","2025-11-01","25.00","AUD","1760937010","101429/2025-11-01/1760937010.json"
"485268","36127","2025-11-03","25.00","AUD","1760937010","101429/2025-11-03/1760937010.json"
"485268","36127","2025-11-04","25.00","AUD","1760937010","101429/2025-11-04/1760937010.json"
"485268","36127","2025-11-06","25.00","AUD","1760937010","101429/2025-11-06/1760937010.json"
"485268","36127","2025-11-05","25.00","AUD","1760937010","101429/2025-11-05/1760937010.json"
"485268","36127","2025-11-11","25.00","AUD","1760937010","101429/2025-11-11/1760937010.json"
"485268","36127","2025-11-12","25.00","AUD","1760937010","101429/2025-11-12/1760937010.json"
"485268","36127","2025-11-14","25.00","AUD","1760937010","101429/2025-11-14/1760937010.json"
"485268","36127","2025-11-13","25.00","AUD","1760937010","101429/2025-11-13/1760937010.json"
"485268","36127","2025-11-15","25.00","AUD","1760937010","101429/2025-11-15/1760937010.json"
"485268","36127","2025-11-16","25.00","AUD","1760937010","101429/2025-11-16/1760937010.json"
"485268","36127","2025-11-17","25.00","AUD","1760937010","101429/2025-11-17/1760937010.json"
"485268","36127","2025-11-18","25.00","AUD","1760937010","101429/2025-11-18/1760937010.json"
"485268","36127","2025-11-19","25.00","AUD","1760937010","101429/2025-11-19/1760937010.json"
"485268","36127","2025-11-20","25.00","AUD","1760937010","101429/2025-11-20/1760937010.json"
"485268","36127","2025-11-22","25.00","AUD","1760937010","101429/2025-11-22/1760937010.json"
"485268","36127","2025-11-21","25.00","AUD","1760937010","101429/2025-11-21/1760937010.json"
"485268","36127","2025-11-23","25.00","AUD","1760937010","101429/2025-11-23/1760937010.json"
"485268","36127","2025-11-24","25.00","AUD","1760937010","101429/2025-11-24/1760937010.json"
"485268","36127","2025-11-26","25.00","AUD","1760937010","101429/2025-11-26/1760937010.json"
"485268","36127","2025-11-27","25.00","AUD","1760937010","101429/2025-11-27/1760937010.json"
"485268","36127","2025-11-25","25.00","AUD","1760937010","101429/2025-11-25/1760937010.json"
"485268","36127","2025-11-28","25.00","AUD","1760937010","101429/2025-11-28/1760937010.json"
"485268","36127","2025-11-29","25.00","AUD","1760937010","101429/2025-11-29/1760937010.json"
"485268","36127","2025-11-30","25.00","AUD","1760937010","101429/2025-11-30/1760937010.json"
"485273","36129","2025-10-22","25.00","AUD","1760951505","101429/2025-10-22/1760951505.json"
"485273","36129","2025-10-21","25.00","AUD","1760951505","101429/2025-10-21/1760951505.json"
"485273","36129","2025-10-23","25.00","AUD","1760951505","101429/2025-10-23/1760951505.json"
"485268","36127","2025-10-23","25.00","AUD","1760951505","101429/2025-10-23/1760951505.json"
"485268","36127","2025-10-24","25.00","AUD","1760951505","101429/2025-10-24/1760951505.json"
"485268","36127","2025-10-28","25.00","AUD","1760951505","101429/2025-10-28/1760951505.json"
"485268","36127","2025-10-27","25.00","AUD","1760951505","101429/2025-10-27/1760951505.json"
"485268","36127","2025-10-29","25.00","AUD","1760951505","101429/2025-10-29/1760951505.json"
"485268","36127","2025-11-01","25.00","AUD","1760951505","101429/2025-11-01/1760951505.json"
"485268","36127","2025-10-31","25.00","AUD","1760951505","101429/2025-10-31/1760951505.json"
"485268","36127","2025-10-30","25.00","AUD","1760951505","101429/2025-10-30/1760951505.json"
"485268","36127","2025-11-02","25.00","AUD","1760951505","101429/2025-11-02/1760951505.json"
"485268","36127","2025-11-04","25.00","AUD","1760951505","101429/2025-11-04/1760951505.json"
"485268","36127","2025-11-05","25.00","AUD","1760951505","101429/2025-11-05/1760951505.json"
"485268","36127","2025-11-03","25.00","AUD","1760951505","101429/2025-11-03/1760951505.json"
"485268","36127","2025-11-06","25.00","AUD","1760951505","101429/2025-11-06/1760951505.json"
"485268","36127","2025-11-11","25.00","AUD","1760951505","101429/2025-11-11/1760951505.json"
"485268","36127","2025-11-12","25.00","AUD","1760951505","101429/2025-11-12/1760951505.json"
"485268","36127","2025-11-13","25.00","AUD","1760951505","101429/2025-11-13/1760951505.json"
"485268","36127","2025-11-14","25.00","AUD","1760951505","101429/2025-11-14/1760951505.json"
"485268","36127","2025-11-15","25.00","AUD","1760951505","101429/2025-11-15/1760951505.json"
"485268","36127","2025-11-16","25.00","AUD","1760951505","101429/2025-11-16/1760951505.json"
"485268","36127","2025-11-17","25.00","AUD","1760951505","101429/2025-11-17/1760951505.json"
"485268","36127","2025-11-19","25.00","AUD","1760951505","101429/2025-11-19/1760951505.json"
"485268","36127","2025-11-18","25.00","AUD","1760951505","101429/2025-11-18/1760951505.json"
"485268","36127","2025-11-20","25.00","AUD","1760951505","101429/2025-11-20/1760951505.json"
"485268","36127","2025-11-21","25.00","AUD","1760951505","101429/2025-11-21/1760951505.json"
"485268","36127","2025-11-23","25.00","AUD","1760951505","101429/2025-11-23/1760951505.json"
"485268","36127","2025-11-22","25.00","AUD","1760951505","101429/2025-11-22/1760951505.json"
"485268","36127","2025-11-24","25.00","AUD","1760951505","101429/2025-11-24/1760951505.json"
"485268","36127","2025-11-25","25.00","AUD","1760951505","101429/2025-11-25/1760951505.json"
"485268","36127","2025-11-27","25.00","AUD","1760951505","101429/2025-11-27/1760951505.json"
"485268","36127","2025-11-26","25.00","AUD","1760951505","101429/2025-11-26/1760951505.json"
"485268","36127","2025-11-28","25.00","AUD","1760951505","101429/2025-11-28/1760951505.json"
"485268","36127","2025-11-29","25.00","AUD","1760951505","101429/2025-11-29/1760951505.json"
"485268","36127","2025-11-30","25.00","AUD","1760951505","101429/2025-11-30/1760951505.json"
"485268","36127","2025-10-23","25.00","AUD","1760968934","101429/2025-10-23/1760968934.json"
"485268","36127","2025-10-24","25.00","AUD","1760968934","101429/2025-10-24/1760968934.json"
"485268","36127","2025-10-27","25.00","AUD","1760968934","101429/2025-10-27/1760968934.json"
"485268","36127","2025-10-28","25.00","AUD","1760968934","101429/2025-10-28/1760968934.json"
"485268","36127","2025-10-29","25.00","AUD","1760968934","101429/2025-10-29/1760968934.json"
"485268","36127","2025-10-30","25.00","AUD","1760968934","101429/2025-10-30/1760968934.json"
"485268","36127","2025-10-31","25.00","AUD","1760968934","101429/2025-10-31/1760968934.json"
"485268","36127","2025-11-01","25.00","AUD","1760968934","101429/2025-11-01/1760968934.json"
"485268","36127","2025-11-02","25.00","AUD","1760968934","101429/2025-11-02/1760968934.json"
"485268","36127","2025-11-03","25.00","AUD","1760968934","101429/2025-11-03/1760968934.json"
"485268","36127","2025-11-04","25.00","AUD","1760968934","101429/2025-11-04/1760968934.json"
"485268","36127","2025-11-06","25.00","AUD","1760968934","101429/2025-11-06/1760968934.json"
"485268","36127","2025-11-05","25.00","AUD","1760968934","101429/2025-11-05/1760968934.json"
"485268","36127","2025-11-12","25.00","AUD","1760968934","101429/2025-11-12/1760968934.json"
"485268","36127","2025-11-11","25.00","AUD","1760968934","101429/2025-11-11/1760968934.json"
"485268","36127","2025-11-13","25.00","AUD","1760968934","101429/2025-11-13/1760968934.json"
"485268","36127","2025-11-14","25.00","AUD","1760968934","101429/2025-11-14/1760968934.json"
"485268","36127","2025-11-15","25.00","AUD","1760968934","101429/2025-11-15/1760968934.json"
"485268","36127","2025-11-16","25.00","AUD","1760968934","101429/2025-11-16/1760968934.json"
"485268","36127","2025-11-17","25.00","AUD","1760968934","101429/2025-11-17/1760968934.json"
"485268","36127","2025-11-18","25.00","AUD","1760968934","101429/2025-11-18/1760968934.json"
"485268","36127","2025-11-19","25.00","AUD","1760968934","101429/2025-11-19/1760968934.json"
"485268","36127","2025-11-21","25.00","AUD","1760968934","101429/2025-11-21/1760968934.json"
"485268","36127","2025-11-22","25.00","AUD","1760968934","101429/2025-11-22/1760968934.json"
"485268","36127","2025-11-20","25.00","AUD","1760968934","101429/2025-11-20/1760968934.json"
"485268","36127","2025-11-23","25.00","AUD","1760968934","101429/2025-11-23/1760968934.json"
"485268","36127","2025-11-24","25.00","AUD","1760968934","101429/2025-11-24/1760968934.json"
"485268","36127","2025-11-25","25.00","AUD","1760968934","101429/2025-11-25/1760968934.json"
"485268","36127","2025-11-26","25.00","AUD","1760968934","101429/2025-11-26/1760968934.json"
"485268","36127","2025-11-27","25.00","AUD","1760968934","101429/2025-11-27/1760968934.json"
"485268","36127","2025-11-28","25.00","AUD","1760968934","101429/2025-11-28/1760968934.json"
"485268","36127","2025-11-29","25.00","AUD","1760968934","101429/2025-11-29/1760968934.json"
"485268","36127","2025-11-30","25.00","AUD","1760968934","101429/2025-11-30/1760968934.json"
"485268","36127","2025-10-23","25.00","AUD","1760980174","101429/2025-10-23/1760980174.json"
"485268","36127","2025-10-24","25.00","AUD","1760980174","101429/2025-10-24/1760980174.json"
"485268","36127","2025-10-27","25.00","AUD","1760980174","101429/2025-10-27/1760980174.json"
"485268","36127","2025-10-28","25.00","AUD","1760980174","101429/2025-10-28/1760980174.json"
"485268","36127","2025-10-30","25.00","AUD","1760980174","101429/2025-10-30/1760980174.json"
"485268","36127","2025-10-29","25.00","AUD","1760980174","101429/2025-10-29/1760980174.json"
"485268","36127","2025-10-31","25.00","AUD","1760980174","101429/2025-10-31/1760980174.json"
"485268","36127","2025-11-01","25.00","AUD","1760980174","101429/2025-11-01/1760980174.json"
"485268","36127","2025-11-02","25.00","AUD","1760980174","101429/2025-11-02/1760980174.json"
"485268","36127","2025-11-04","25.00","AUD","1760980174","101429/2025-11-04/1760980174.json"
"485268","36127","2025-11-03","25.00","AUD","1760980174","101429/2025-11-03/1760980174.json"
"485268","36127","2025-11-06","25.00","AUD","1760980174","101429/2025-11-06/1760980174.json"
"485268","36127","2025-11-05","25.00","AUD","1760980174","101429/2025-11-05/1760980174.json"
"485268","36127","2025-11-11","25.00","AUD","1760980174","101429/2025-11-11/1760980174.json"
"485268","36127","2025-11-12","25.00","AUD","1760980174","101429/2025-11-12/1760980174.json"
"485268","36127","2025-11-16","25.00","AUD","1760980174","101429/2025-11-16/1760980174.json"
"485268","36127","2025-11-13","25.00","AUD","1760980174","101429/2025-11-13/1760980174.json"
"485268","36127","2025-11-15","25.00","AUD","1760980174","101429/2025-11-15/1760980174.json"
"485268","36127","2025-11-14","25.00","AUD","1760980174","101429/2025-11-14/1760980174.json"
"485268","36127","2025-11-18","25.00","AUD","1760980174","101429/2025-11-18/1760980174.json"
"485268","36127","2025-11-20","25.00","AUD","1760980174","101429/2025-11-20/1760980174.json"
"485268","36127","2025-11-17","25.00","AUD","1760980174","101429/2025-11-17/1760980174.json"
"485268","36127","2025-11-19","25.00","AUD","1760980174","101429/2025-11-19/1760980174.json"
"485268","36127","2025-11-21","25.00","AUD","1760980174","101429/2025-11-21/1760980174.json"
"485268","36127","2025-11-22","25.00","AUD","1760980174","101429/2025-11-22/1760980174.json"
"485268","36127","2025-11-23","25.00","AUD","1760980174","101429/2025-11-23/1760980174.json"
"485268","36127","2025-11-24","25.00","AUD","1760980174","101429/2025-11-24/1760980174.json"
"485268","36127","2025-11-25","25.00","AUD","1760980174","101429/2025-11-25/1760980174.json"
"485268","36127","2025-11-26","25.00","AUD","1760980174","101429/2025-11-26/1760980174.json"
"485268","36127","2025-11-28","25.00","AUD","1760980174","101429/2025-11-28/1760980174.json"
"485268","36127","2025-11-27","25.00","AUD","1760980174","101429/2025-11-27/1760980174.json"
"485268","36127","2025-11-30","25.00","AUD","1760980174","101429/2025-11-30/1760980174.json"
"485268","36127","2025-11-29","25.00","AUD","1760980174","101429/2025-11-29/1760980174.json"
"485268","36127","2025-10-23","25.00","AUD","1760994261","101429/2025-10-23/1760994261.json"
"485268","36127","2025-10-24","25.00","AUD","1760994261","101429/2025-10-24/1760994261.json"
"485268","36127","2025-10-27","25.00","AUD","1760994261","101429/2025-10-27/1760994261.json"
"485268","36127","2025-10-28","25.00","AUD","1760994261","101429/2025-10-28/1760994261.json"
"485268","36127","2025-10-31","25.00","AUD","1760994261","101429/2025-10-31/1760994261.json"
"485268","36127","2025-10-30","25.00","AUD","1760994261","101429/2025-10-30/1760994261.json"
"485268","36127","2025-10-29","25.00","AUD","1760994261","101429/2025-10-29/1760994261.json"
"485268","36127","2025-11-01","25.00","AUD","1760994261","101429/2025-11-01/1760994261.json"
"485268","36127","2025-11-02","25.00","AUD","1760994261","101429/2025-11-02/1760994261.json"
"485268","36127","2025-11-04","25.00","AUD","1760994261","101429/2025-11-04/1760994261.json"
"485268","36127","2025-11-05","25.00","AUD","1760994261","101429/2025-11-05/1760994261.json"
"485268","36127","2025-11-03","25.00","AUD","1760994261","101429/2025-11-03/1760994261.json"
"485268","36127","2025-11-06","25.00","AUD","1760994261","101429/2025-11-06/1760994261.json"
"485268","36127","2025-11-11","25.00","AUD","1760994261","101429/2025-11-11/1760994261.json"
"485268","36127","2025-11-12","25.00","AUD","1760994261","101429/2025-11-12/1760994261.json"
"485268","36127","2025-11-13","25.00","AUD","1760994261","101429/2025-11-13/1760994261.json"
"485268","36127","2025-11-14","25.00","AUD","1760994261","101429/2025-11-14/1760994261.json"
"485268","36127","2025-11-15","25.00","AUD","1760994261","101429/2025-11-15/1760994261.json"
"485268","36127","2025-11-16","25.00","AUD","1760994261","101429/2025-11-16/1760994261.json"
"485268","36127","2025-11-17","25.00","AUD","1760994261","101429/2025-11-17/1760994261.json"
"485268","36127","2025-11-19","25.00","AUD","1760994261","101429/2025-11-19/1760994261.json"
"485268","36127","2025-11-18","25.00","AUD","1760994261","101429/2025-11-18/1760994261.json"
"485268","36127","2025-11-20","25.00","AUD","1760994261","101429/2025-11-20/1760994261.json"
"485268","36127","2025-11-21","25.00","AUD","1760994261","101429/2025-11-21/1760994261.json"
"485268","36127","2025-11-22","25.00","AUD","1760994261","101429/2025-11-22/1760994261.json"
"485268","36127","2025-11-24","25.00","AUD","1760994261","101429/2025-11-24/1760994261.json"
"485268","36127","2025-11-25","25.00","AUD","1760994261","101429/2025-11-25/1760994261.json"
"485268","36127","2025-11-26","25.00","AUD","1760994261","101429/2025-11-26/1760994261.json"
"485268","36127","2025-11-23","25.00","AUD","1760994261","101429/2025-11-23/1760994261.json"
"485268","36127","2025-11-27","25.00","AUD","1760994261","101429/2025-11-27/1760994261.json"
"485268","36127","2025-11-28","25.00","AUD","1760994261","101429/2025-11-28/1760994261.json"
"485268","36127","2025-11-29","25.00","AUD","1760994261","101429/2025-11-29/1760994261.json"
"485268","36127","2025-11-30","25.00","AUD","1760994261","101429/2025-11-30/1760994261.json"
"485268","36127","2025-10-23","25.00","AUD","1761017911","101429/2025-10-23/1761017911.json"
"485268","36127","2025-10-24","25.00","AUD","1761017911","101429/2025-10-24/1761017911.json"
"485268","36127","2025-10-27","25.00","AUD","1761017911","101429/2025-10-27/1761017911.json"
"485268","36127","2025-10-28","25.00","AUD","1761017911","101429/2025-10-28/1761017911.json"
"485268","36127","2025-10-31","25.00","AUD","1761017911","101429/2025-10-31/1761017911.json"
"485268","36127","2025-10-30","25.00","AUD","1761017911","101429/2025-10-30/1761017911.json"
"485268","36127","2025-10-29","25.00","AUD","1761017911","101429/2025-10-29/1761017911.json"
"485268","36127","2025-11-01","25.00","AUD","1761017911","101429/2025-11-01/1761017911.json"
"485268","36127","2025-11-04","25.00","AUD","1761017911","101429/2025-11-04/1761017911.json"
"485268","36127","2025-11-02","25.00","AUD","1761017911","101429/2025-11-02/1761017911.json"
"485268","36127","2025-11-03","25.00","AUD","1761017911","101429/2025-11-03/1761017911.json"
"485268","36127","2025-11-05","25.00","AUD","1761017911","101429/2025-11-05/1761017911.json"
"485268","36127","2025-11-06","25.00","AUD","1761017911","101429/2025-11-06/1761017911.json"
"485268","36127","2025-11-11","25.00","AUD","1761017911","101429/2025-11-11/1761017911.json"
"485268","36127","2025-11-12","25.00","AUD","1761017911","101429/2025-11-12/1761017911.json"
"485268","36127","2025-11-13","25.00","AUD","1761017911","101429/2025-11-13/1761017911.json"
"485268","36127","2025-11-15","25.00","AUD","1761017911","101429/2025-11-15/1761017911.json"
"485268","36127","2025-11-14","25.00","AUD","1761017911","101429/2025-11-14/1761017911.json"
"485268","36127","2025-11-16","25.00","AUD","1761017911","101429/2025-11-16/1761017911.json"
"485268","36127","2025-11-17","25.00","AUD","1761017911","101429/2025-11-17/1761017911.json"
"485268","36127","2025-11-19","25.00","AUD","1761017911","101429/2025-11-19/1761017911.json"
"485268","36127","2025-11-20","25.00","AUD","1761017911","101429/2025-11-20/1761017911.json"
"485268","36127","2025-11-18","25.00","AUD","1761017911","101429/2025-11-18/1761017911.json"
"485268","36127","2025-11-21","25.00","AUD","1761017911","101429/2025-11-21/1761017911.json"
"485268","36127","2025-11-22","25.00","AUD","1761017911","101429/2025-11-22/1761017911.json"
"485268","36127","2025-11-23","25.00","AUD","1761017911","101429/2025-11-23/1761017911.json"
"485268","36127","2025-11-24","25.00","AUD","1761017911","101429/2025-11-24/1761017911.json"
"485268","36127","2025-11-25","25.00","AUD","1761017911","101429/2025-11-25/1761017911.json"
"485268","36127","2025-11-26","25.00","AUD","1761017911","101429/2025-11-26/1761017911.json"
"485268","36127","2025-11-27","25.00","AUD","1761017911","101429/2025-11-27/1761017911.json"
"485268","36127","2025-11-28","25.00","AUD","1761017911","101429/2025-11-28/1761017911.json"
"485268","36127","2025-11-29","25.00","AUD","1761017911","101429/2025-11-29/1761017911.json"
"485268","36127","2025-11-30","25.00","AUD","1761017911","101429/2025-11-30/1761017911.json"
"485268","36127","2025-10-24","25.00","AUD","1761023040","101429/2025-10-24/1761023040.json"
"485268","36127","2025-10-23","25.00","AUD","1761023040","101429/2025-10-23/1761023040.json"
"485268","36127","2025-10-27","25.00","AUD","1761023040","101429/2025-10-27/1761023040.json"
"485268","36127","2025-10-28","25.00","AUD","1761023040","101429/2025-10-28/1761023040.json"
"485268","36127","2025-10-29","25.00","AUD","1761023040","101429/2025-10-29/1761023040.json"
"485268","36127","2025-10-30","25.00","AUD","1761023040","101429/2025-10-30/1761023040.json"
"485268","36127","2025-10-31","25.00","AUD","1761023040","101429/2025-10-31/1761023040.json"
"485268","36127","2025-11-01","25.00","AUD","1761023040","101429/2025-11-01/1761023040.json"
"485268","36127","2025-11-02","25.00","AUD","1761023040","101429/2025-11-02/1761023040.json"
"485268","36127","2025-11-03","25.00","AUD","1761023040","101429/2025-11-03/1761023040.json"
"485268","36127","2025-11-04","25.00","AUD","1761023040","101429/2025-11-04/1761023040.json"
"485268","36127","2025-11-05","25.00","AUD","1761023040","101429/2025-11-05/1761023040.json"
"485268","36127","2025-11-06","25.00","AUD","1761023040","101429/2025-11-06/1761023040.json"
"485268","36127","2025-11-11","25.00","AUD","1761023040","101429/2025-11-11/1761023040.json"
"485268","36127","2025-11-12","25.00","AUD","1761023040","101429/2025-11-12/1761023040.json"
"485268","36127","2025-11-13","25.00","AUD","1761023040","101429/2025-11-13/1761023040.json"
"485268","36127","2025-11-14","25.00","AUD","1761023040","101429/2025-11-14/1761023040.json"
"485268","36127","2025-11-15","25.00","AUD","1761023040","101429/2025-11-15/1761023040.json"
"485268","36127","2025-11-16","25.00","AUD","1761023040","101429/2025-11-16/1761023040.json"
"485268","36127","2025-11-17","25.00","AUD","1761023040","101429/2025-11-17/1761023040.json"
"485268","36127","2025-11-18","25.00","AUD","1761023040","101429/2025-11-18/1761023040.json"
"485268","36127","2025-11-19","25.00","AUD","1761023040","101429/2025-11-19/1761023040.json"
"485268","36127","2025-11-20","25.00","AUD","1761023040","101429/2025-11-20/1761023040.json"
"485268","36127","2025-11-21","25.00","AUD","1761023040","101429/2025-11-21/1761023040.json"
"485268","36127","2025-11-22","25.00","AUD","1761023040","101429/2025-11-22/1761023040.json"
"485268","36127","2025-11-24","25.00","AUD","1761023040","101429/2025-11-24/1761023040.json"
"485268","36127","2025-11-25","25.00","AUD","1761023040","101429/2025-11-25/1761023040.json"
"485268","36127","2025-11-27","25.00","AUD","1761023040","101429/2025-11-27/1761023040.json"
"485268","36127","2025-11-26","25.00","AUD","1761023040","101429/2025-11-26/1761023040.json"
"485268","36127","2025-11-29","25.00","AUD","1761023040","101429/2025-11-29/1761023040.json"
"485268","36127","2025-11-28","25.00","AUD","1761023040","101429/2025-11-28/1761023040.json"
"485268","36127","2025-11-30","25.00","AUD","1761023040","101429/2025-11-30/1761023040.json"
"485268","36127","2025-11-23","25.00","AUD","1761023040","101429/2025-11-23/1761023040.json"
"485268","36127","2025-10-23","25.00","AUD","1761038299","101429/2025-10-23/1761038299.json"
"485268","36127","2025-10-24","25.00","AUD","1761038299","101429/2025-10-24/1761038299.json"
"485268","36127","2025-10-27","25.00","AUD","1761038299","101429/2025-10-27/1761038299.json"
"485268","36127","2025-10-28","25.00","AUD","1761038299","101429/2025-10-28/1761038299.json"
"485268","36127","2025-10-29","25.00","AUD","1761038299","101429/2025-10-29/1761038299.json"
"485268","36127","2025-10-30","25.00","AUD","1761038299","101429/2025-10-30/1761038299.json"
"485268","36127","2025-10-31","25.00","AUD","1761038299","101429/2025-10-31/1761038299.json"
"485268","36127","2025-11-01","25.00","AUD","1761038299","101429/2025-11-01/1761038299.json"
"485268","36127","2025-11-02","25.00","AUD","1761038299","101429/2025-11-02/1761038299.json"
"485268","36127","2025-11-03","25.00","AUD","1761038299","101429/2025-11-03/1761038299.json"
"485268","36127","2025-11-04","25.00","AUD","1761038299","101429/2025-11-04/1761038299.json"
"485268","36127","2025-11-05","25.00","AUD","1761038299","101429/2025-11-05/1761038299.json"
"485268","36127","2025-11-06","25.00","AUD","1761038299","101429/2025-11-06/1761038299.json"
"485268","36127","2025-11-11","25.00","AUD","1761038299","101429/2025-11-11/1761038299.json"
"485268","36127","2025-11-12","25.00","AUD","1761038299","101429/2025-11-12/1761038299.json"
"485268","36127","2025-11-13","25.00","AUD","1761038299","101429/2025-11-13/1761038299.json"
"485268","36127","2025-11-14","25.00","AUD","1761038299","101429/2025-11-14/1761038299.json"
"485268","36127","2025-11-17","25.00","AUD","1761038299","101429/2025-11-17/1761038299.json"
"485268","36127","2025-11-16","25.00","AUD","1761038299","101429/2025-11-16/1761038299.json"
"485268","36127","2025-11-15","25.00","AUD","1761038299","101429/2025-11-15/1761038299.json"
"485268","36127","2025-11-18","25.00","AUD","1761038299","101429/2025-11-18/1761038299.json"
"485268","36127","2025-11-19","25.00","AUD","1761038299","101429/2025-11-19/1761038299.json"
"485268","36127","2025-11-21","25.00","AUD","1761038299","101429/2025-11-21/1761038299.json"
"485268","36127","2025-11-20","25.00","AUD","1761038299","101429/2025-11-20/1761038299.json"
"485268","36127","2025-11-22","25.00","AUD","1761038299","101429/2025-11-22/1761038299.json"
"485268","36127","2025-11-23","25.00","AUD","1761038299","101429/2025-11-23/1761038299.json"
"485268","36127","2025-11-24","25.00","AUD","1761038299","101429/2025-11-24/1761038299.json"
"485268","36127","2025-11-25","25.00","AUD","1761038299","101429/2025-11-25/1761038299.json"
"485268","36127","2025-11-26","25.00","AUD","1761038299","101429/2025-11-26/1761038299.json"
"485268","36127","2025-11-28","25.00","AUD","1761038299","101429/2025-11-28/1761038299.json"
"485268","36127","2025-11-27","25.00","AUD","1761038299","101429/2025-11-27/1761038299.json"
"485268","36127","2025-11-29","25.00","AUD","1761038299","101429/2025-11-29/1761038299.json"
"485268","36127","2025-11-30","25.00","AUD","1761038299","101429/2025-11-30/1761038299.json"
"485268","36127","2025-10-24","25.00","AUD","1761055819","101429/2025-10-24/1761055819.json"
"485268","36127","2025-10-23","25.00","AUD","1761055819","101429/2025-10-23/1761055819.json"
"485268","36127","2025-10-27","25.00","AUD","1761055819","101429/2025-10-27/1761055819.json"
"485268","36127","2025-10-28","25.00","AUD","1761055819","101429/2025-10-28/1761055819.json"
"485268","36127","2025-10-29","25.00","AUD","1761055819","101429/2025-10-29/1761055819.json"
"485268","36127","2025-10-30","25.00","AUD","1761055819","101429/2025-10-30/1761055819.json"
"485268","36127","2025-10-31","25.00","AUD","1761055819","101429/2025-10-31/1761055819.json"
"485268","36127","2025-11-01","25.00","AUD","1761055819","101429/2025-11-01/1761055819.json"
"485268","36127","2025-11-02","25.00","AUD","1761055819","101429/2025-11-02/1761055819.json"
"485268","36127","2025-11-04","25.00","AUD","1761055819","101429/2025-11-04/1761055819.json"
"485268","36127","2025-11-05","25.00","AUD","1761055819","101429/2025-11-05/1761055819.json"
"485268","36127","2025-11-03","25.00","AUD","1761055819","101429/2025-11-03/1761055819.json"
"485268","36127","2025-11-06","25.00","AUD","1761055819","101429/2025-11-06/1761055819.json"
"485268","36127","2025-11-11","25.00","AUD","1761055819","101429/2025-11-11/1761055819.json"
"485268","36127","2025-11-12","25.00","AUD","1761055819","101429/2025-11-12/1761055819.json"
"485268","36127","2025-11-14","25.00","AUD","1761055819","101429/2025-11-14/1761055819.json"
"485268","36127","2025-11-13","25.00","AUD","1761055819","101429/2025-11-13/1761055819.json"
"485268","36127","2025-11-15","25.00","AUD","1761055819","101429/2025-11-15/1761055819.json"
"485268","36127","2025-11-16","25.00","AUD","1761055819","101429/2025-11-16/1761055819.json"
"485268","36127","2025-11-17","25.00","AUD","1761055819","101429/2025-11-17/1761055819.json"
"485268","36127","2025-11-18","25.00","AUD","1761055819","101429/2025-11-18/1761055819.json"
"485268","36127","2025-11-19","25.00","AUD","1761055819","101429/2025-11-19/1761055819.json"
"485268","36127","2025-11-20","25.00","AUD","1761055819","101429/2025-11-20/1761055819.json"
"485268","36127","2025-11-21","25.00","AUD","1761055819","101429/2025-11-21/1761055819.json"
"485268","36127","2025-11-22","25.00","AUD","1761055819","101429/2025-11-22/1761055819.json"
"485268","36127","2025-11-23","25.00","AUD","1761055819","101429/2025-11-23/1761055819.json"
"485268","36127","2025-11-25","25.00","AUD","1761055819","101429/2025-11-25/1761055819.json"
"485268","36127","2025-11-24","25.00","AUD","1761055819","101429/2025-11-24/1761055819.json"
"485268","36127","2025-11-27","25.00","AUD","1761055819","101429/2025-11-27/1761055819.json"
"485268","36127","2025-11-26","25.00","AUD","1761055819","101429/2025-11-26/1761055819.json"
"485268","36127","2025-11-28","25.00","AUD","1761055819","101429/2025-11-28/1761055819.json"
"485268","36127","2025-11-29","25.00","AUD","1761055819","101429/2025-11-29/1761055819.json"
"485268","36127","2025-11-30","25.00","AUD","1761055819","101429/2025-11-30/1761055819.json"
"485268","36127","2025-10-24","25.00","AUD","1761066560","101429/2025-10-24/1761066560.json"
"485268","36127","2025-10-23","25.00","AUD","1761066560","101429/2025-10-23/1761066560.json"
"485268","36127","2025-10-27","25.00","AUD","1761066560","101429/2025-10-27/1761066560.json"
"485268","36127","2025-10-28","25.00","AUD","1761066560","101429/2025-10-28/1761066560.json"
"485268","36127","2025-10-29","25.00","AUD","1761066560","101429/2025-10-29/1761066560.json"
"485268","36127","2025-10-31","25.00","AUD","1761066560","101429/2025-10-31/1761066560.json"
"485268","36127","2025-11-01","25.00","AUD","1761066560","101429/2025-11-01/1761066560.json"
"485268","36127","2025-10-30","25.00","AUD","1761066560","101429/2025-10-30/1761066560.json"
"485268","36127","2025-11-02","25.00","AUD","1761066560","101429/2025-11-02/1761066560.json"
"485268","36127","2025-11-03","25.00","AUD","1761066560","101429/2025-11-03/1761066560.json"
"485268","36127","2025-11-05","25.00","AUD","1761066560","101429/2025-11-05/1761066560.json"
"485268","36127","2025-11-04","25.00","AUD","1761066560","101429/2025-11-04/1761066560.json"
"485268","36127","2025-11-06","25.00","AUD","1761066560","101429/2025-11-06/1761066560.json"
"485268","36127","2025-11-11","25.00","AUD","1761066560","101429/2025-11-11/1761066560.json"
"485268","36127","2025-11-12","25.00","AUD","1761066560","101429/2025-11-12/1761066560.json"
"485268","36127","2025-11-13","25.00","AUD","1761066560","101429/2025-11-13/1761066560.json"
"485268","36127","2025-11-14","25.00","AUD","1761066560","101429/2025-11-14/1761066560.json"
"485268","36127","2025-11-16","25.00","AUD","1761066560","101429/2025-11-16/1761066560.json"
"485268","36127","2025-11-17","25.00","AUD","1761066560","101429/2025-11-17/1761066560.json"
"485268","36127","2025-11-18","25.00","AUD","1761066560","101429/2025-11-18/1761066560.json"
"485268","36127","2025-11-15","25.00","AUD","1761066560","101429/2025-11-15/1761066560.json"
"485268","36127","2025-11-19","25.00","AUD","1761066560","101429/2025-11-19/1761066560.json"
"485268","36127","2025-11-20","25.00","AUD","1761066560","101429/2025-11-20/1761066560.json"
"485268","36127","2025-11-21","25.00","AUD","1761066560","101429/2025-11-21/1761066560.json"
"485268","36127","2025-11-23","25.00","AUD","1761066560","101429/2025-11-23/1761066560.json"
"485268","36127","2025-11-22","25.00","AUD","1761066560","101429/2025-11-22/1761066560.json"
"485268","36127","2025-11-25","25.00","AUD","1761066560","101429/2025-11-25/1761066560.json"
"485268","36127","2025-11-24","25.00","AUD","1761066560","101429/2025-11-24/1761066560.json"
"485268","36127","2025-11-26","25.00","AUD","1761066560","101429/2025-11-26/1761066560.json"
"485268","36127","2025-11-27","25.00","AUD","1761066560","101429/2025-11-27/1761066560.json"
"485268","36127","2025-11-29","25.00","AUD","1761066560","101429/2025-11-29/1761066560.json"
"485268","36127","2025-11-28","25.00","AUD","1761066560","101429/2025-11-28/1761066560.json"
"485268","36127","2025-11-30","25.00","AUD","1761066560","101429/2025-11-30/1761066560.json"
"485268","36127","2025-10-23","25.00","AUD","1761080665","101429/2025-10-23/1761080665.json"
"485268","36127","2025-10-24","25.00","AUD","1761080665","101429/2025-10-24/1761080665.json"
"485268","36127","2025-10-28","25.00","AUD","1761080665","101429/2025-10-28/1761080665.json"
"485268","36127","2025-10-27","25.00","AUD","1761080665","101429/2025-10-27/1761080665.json"
"485268","36127","2025-10-29","25.00","AUD","1761080665","101429/2025-10-29/1761080665.json"
"485268","36127","2025-10-31","25.00","AUD","1761080665","101429/2025-10-31/1761080665.json"
"485268","36127","2025-11-01","25.00","AUD","1761080665","101429/2025-11-01/1761080665.json"
"485268","36127","2025-10-30","25.00","AUD","1761080665","101429/2025-10-30/1761080665.json"
"485268","36127","2025-11-02","25.00","AUD","1761080665","101429/2025-11-02/1761080665.json"
"485268","36127","2025-11-04","25.00","AUD","1761080665","101429/2025-11-04/1761080665.json"
"485268","36127","2025-11-05","25.00","AUD","1761080665","101429/2025-11-05/1761080665.json"
"485268","36127","2025-11-06","25.00","AUD","1761080665","101429/2025-11-06/1761080665.json"
"485268","36127","2025-11-03","25.00","AUD","1761080665","101429/2025-11-03/1761080665.json"
"485268","36127","2025-11-11","25.00","AUD","1761080665","101429/2025-11-11/1761080665.json"
"485268","36127","2025-11-12","25.00","AUD","1761080665","101429/2025-11-12/1761080665.json"
"485268","36127","2025-11-14","25.00","AUD","1761080665","101429/2025-11-14/1761080665.json"
"485268","36127","2025-11-13","25.00","AUD","1761080665","101429/2025-11-13/1761080665.json"
"485268","36127","2025-11-15","25.00","AUD","1761080665","101429/2025-11-15/1761080665.json"
"485268","36127","2025-11-18","25.00","AUD","1761080665","101429/2025-11-18/1761080665.json"
"485268","36127","2025-11-16","25.00","AUD","1761080665","101429/2025-11-16/1761080665.json"
"485268","36127","2025-11-17","25.00","AUD","1761080665","101429/2025-11-17/1761080665.json"
"485268","36127","2025-11-22","25.00","AUD","1761080665","101429/2025-11-22/1761080665.json"
"485268","36127","2025-11-21","25.00","AUD","1761080665","101429/2025-11-21/1761080665.json"
"485268","36127","2025-11-20","25.00","AUD","1761080665","101429/2025-11-20/1761080665.json"
"485268","36127","2025-11-19","25.00","AUD","1761080665","101429/2025-11-19/1761080665.json"
"485268","36127","2025-11-24","25.00","AUD","1761080665","101429/2025-11-24/1761080665.json"
"485268","36127","2025-11-23","25.00","AUD","1761080665","101429/2025-11-23/1761080665.json"
"485268","36127","2025-11-25","25.00","AUD","1761080665","101429/2025-11-25/1761080665.json"
"485268","36127","2025-11-26","25.00","AUD","1761080665","101429/2025-11-26/1761080665.json"
"485268","36127","2025-11-27","25.00","AUD","1761080665","101429/2025-11-27/1761080665.json"
"485268","36127","2025-11-28","25.00","AUD","1761080665","101429/2025-11-28/1761080665.json"
"485268","36127","2025-11-29","25.00","AUD","1761080665","101429/2025-11-29/1761080665.json"
"485268","36127","2025-11-30","25.00","AUD","1761080665","101429/2025-11-30/1761080665.json"
"485268","36127","2025-10-23","25.00","AUD","1761105345","101429/2025-10-23/1761105345.json"
"485268","36127","2025-10-24","25.00","AUD","1761105345","101429/2025-10-24/1761105345.json"
"485268","36127","2025-10-29","25.00","AUD","1761105345","101429/2025-10-29/1761105345.json"
"485268","36127","2025-10-28","25.00","AUD","1761105345","101429/2025-10-28/1761105345.json"
"485268","36127","2025-10-27","25.00","AUD","1761105345","101429/2025-10-27/1761105345.json"
"485268","36127","2025-10-30","25.00","AUD","1761105345","101429/2025-10-30/1761105345.json"
"485268","36127","2025-10-31","25.00","AUD","1761105345","101429/2025-10-31/1761105345.json"
"485268","36127","2025-11-01","25.00","AUD","1761105345","101429/2025-11-01/1761105345.json"
"485268","36127","2025-11-02","25.00","AUD","1761105345","101429/2025-11-02/1761105345.json"
"485268","36127","2025-11-03","25.00","AUD","1761105345","101429/2025-11-03/1761105345.json"
"485268","36127","2025-11-04","25.00","AUD","1761105345","101429/2025-11-04/1761105345.json"
"485268","36127","2025-11-05","25.00","AUD","1761105345","101429/2025-11-05/1761105345.json"
"485268","36127","2025-11-06","25.00","AUD","1761105345","101429/2025-11-06/1761105345.json"
"485268","36127","2025-11-11","25.00","AUD","1761105345","101429/2025-11-11/1761105345.json"
"485268","36127","2025-11-12","25.00","AUD","1761105345","101429/2025-11-12/1761105345.json"
"485268","36127","2025-11-13","25.00","AUD","1761105345","101429/2025-11-13/1761105345.json"
"485268","36127","2025-11-14","25.00","AUD","1761105345","101429/2025-11-14/1761105345.json"
"485268","36127","2025-11-15","25.00","AUD","1761105345","101429/2025-11-15/1761105345.json"
"485268","36127","2025-11-16","25.00","AUD","1761105345","101429/2025-11-16/1761105345.json"
"485268","36127","2025-11-18","25.00","AUD","1761105345","101429/2025-11-18/1761105345.json"
"485268","36127","2025-11-17","25.00","AUD","1761105345","101429/2025-11-17/1761105345.json"
"485268","36127","2025-11-19","25.00","AUD","1761105345","101429/2025-11-19/1761105345.json"
"485268","36127","2025-11-20","25.00","AUD","1761105345","101429/2025-11-20/1761105345.json"
"485268","36127","2025-11-21","25.00","AUD","1761105345","101429/2025-11-21/1761105345.json"
"485268","36127","2025-11-22","25.00","AUD","1761105345","101429/2025-11-22/1761105345.json"
"485268","36127","2025-11-23","25.00","AUD","1761105345","101429/2025-11-23/1761105345.json"
"485268","36127","2025-11-24","25.00","AUD","1761105345","101429/2025-11-24/1761105345.json"
"485268","36127","2025-11-25","25.00","AUD","1761105345","101429/2025-11-25/1761105345.json"
"485268","36127","2025-11-26","25.00","AUD","1761105345","101429/2025-11-26/1761105345.json"
"485268","36127","2025-11-27","25.00","AUD","1761105345","101429/2025-11-27/1761105345.json"
"485268","36127","2025-11-28","25.00","AUD","1761105345","101429/2025-11-28/1761105345.json"
"485268","36127","2025-11-30","25.00","AUD","1761105345","101429/2025-11-30/1761105345.json"
"485268","36127","2025-11-29","25.00","AUD","1761105345","101429/2025-11-29/1761105345.json"
"485268","36127","2025-10-24","25.00","AUD","1761109522","101429/2025-10-24/1761109522.json"
"485268","36127","2025-10-23","25.00","AUD","1761109522","101429/2025-10-23/1761109522.json"
"485268","36127","2025-10-29","25.00","AUD","1761109522","101429/2025-10-29/1761109522.json"
"485268","36127","2025-10-27","25.00","AUD","1761109522","101429/2025-10-27/1761109522.json"
"485268","36127","2025-10-28","25.00","AUD","1761109522","101429/2025-10-28/1761109522.json"
"485268","36127","2025-10-30","25.00","AUD","1761109522","101429/2025-10-30/1761109522.json"
"485268","36127","2025-10-31","25.00","AUD","1761109522","101429/2025-10-31/1761109522.json"
"485268","36127","2025-11-01","25.00","AUD","1761109522","101429/2025-11-01/1761109522.json"
"485268","36127","2025-11-02","25.00","AUD","1761109522","101429/2025-11-02/1761109522.json"
"485268","36127","2025-11-03","25.00","AUD","1761109522","101429/2025-11-03/1761109522.json"
"485268","36127","2025-11-05","25.00","AUD","1761109522","101429/2025-11-05/1761109522.json"
"485268","36127","2025-11-04","25.00","AUD","1761109522","101429/2025-11-04/1761109522.json"
"485268","36127","2025-11-06","25.00","AUD","1761109522","101429/2025-11-06/1761109522.json"
"485268","36127","2025-11-11","25.00","AUD","1761109522","101429/2025-11-11/1761109522.json"
"485268","36127","2025-11-15","25.00","AUD","1761109522","101429/2025-11-15/1761109522.json"
"485268","36127","2025-11-14","25.00","AUD","1761109522","101429/2025-11-14/1761109522.json"
"485268","36127","2025-11-12","25.00","AUD","1761109522","101429/2025-11-12/1761109522.json"
"485268","36127","2025-11-13","25.00","AUD","1761109522","101429/2025-11-13/1761109522.json"
"485268","36127","2025-11-17","25.00","AUD","1761109522","101429/2025-11-17/1761109522.json"
"485268","36127","2025-11-18","25.00","AUD","1761109522","101429/2025-11-18/1761109522.json"
"485268","36127","2025-11-16","25.00","AUD","1761109522","101429/2025-11-16/1761109522.json"
"485268","36127","2025-11-19","25.00","AUD","1761109522","101429/2025-11-19/1761109522.json"
"485268","36127","2025-11-22","25.00","AUD","1761109522","101429/2025-11-22/1761109522.json"
"485268","36127","2025-11-21","25.00","AUD","1761109522","101429/2025-11-21/1761109522.json"
"485268","36127","2025-11-23","25.00","AUD","1761109522","101429/2025-11-23/1761109522.json"
"485268","36127","2025-11-24","25.00","AUD","1761109522","101429/2025-11-24/1761109522.json"
"485268","36127","2025-11-25","25.00","AUD","1761109522","101429/2025-11-25/1761109522.json"
"485268","36127","2025-11-26","25.00","AUD","1761109522","101429/2025-11-26/1761109522.json"
"485268","36127","2025-11-28","25.00","AUD","1761109522","101429/2025-11-28/1761109522.json"
"485268","36127","2025-11-27","25.00","AUD","1761109522","101429/2025-11-27/1761109522.json"
"485268","36127","2025-11-29","25.00","AUD","1761109522","101429/2025-11-29/1761109522.json"
"485268","36127","2025-11-20","25.00","AUD","1761109522","101429/2025-11-20/1761109522.json"
"485268","36127","2025-11-30","25.00","AUD","1761109522","101429/2025-11-30/1761109522.json"
"485268","36127","2025-10-24","25.00","AUD","1761124681","101429/2025-10-24/1761124681.json"
"485268","36127","2025-10-27","25.00","AUD","1761124681","101429/2025-10-27/1761124681.json"
"485268","36127","2025-10-29","25.00","AUD","1761124681","101429/2025-10-29/1761124681.json"
"485268","36127","2025-10-28","25.00","AUD","1761124681","101429/2025-10-28/1761124681.json"
"485268","36127","2025-10-30","25.00","AUD","1761124681","101429/2025-10-30/1761124681.json"
"485268","36127","2025-10-31","25.00","AUD","1761124681","101429/2025-10-31/1761124681.json"
"485268","36127","2025-11-02","25.00","AUD","1761124681","101429/2025-11-02/1761124681.json"
"485268","36127","2025-11-01","25.00","AUD","1761124681","101429/2025-11-01/1761124681.json"
"485268","36127","2025-11-03","25.00","AUD","1761124681","101429/2025-11-03/1761124681.json"
"485268","36127","2025-11-05","25.00","AUD","1761124681","101429/2025-11-05/1761124681.json"
"485268","36127","2025-11-04","25.00","AUD","1761124681","101429/2025-11-04/1761124681.json"
"485268","36127","2025-11-06","25.00","AUD","1761124681","101429/2025-11-06/1761124681.json"
"485268","36127","2025-11-11","25.00","AUD","1761124681","101429/2025-11-11/1761124681.json"
"485268","36127","2025-11-12","25.00","AUD","1761124681","101429/2025-11-12/1761124681.json"
"485268","36127","2025-11-14","25.00","AUD","1761124681","101429/2025-11-14/1761124681.json"
"485268","36127","2025-11-13","25.00","AUD","1761124681","101429/2025-11-13/1761124681.json"
"485268","36127","2025-11-17","25.00","AUD","1761124681","101429/2025-11-17/1761124681.json"
"485268","36127","2025-11-18","25.00","AUD","1761124681","101429/2025-11-18/1761124681.json"
"485268","36127","2025-11-16","25.00","AUD","1761124681","101429/2025-11-16/1761124681.json"
"485268","36127","2025-11-15","25.00","AUD","1761124681","101429/2025-11-15/1761124681.json"
"485268","36127","2025-11-19","25.00","AUD","1761124681","101429/2025-11-19/1761124681.json"
"485268","36127","2025-11-20","25.00","AUD","1761124681","101429/2025-11-20/1761124681.json"
"485268","36127","2025-11-21","25.00","AUD","1761124681","101429/2025-11-21/1761124681.json"
"485268","36127","2025-11-22","25.00","AUD","1761124681","101429/2025-11-22/1761124681.json"
"485268","36127","2025-11-23","25.00","AUD","1761124681","101429/2025-11-23/1761124681.json"
"485268","36127","2025-11-24","25.00","AUD","1761124681","101429/2025-11-24/1761124681.json"
"485268","36127","2025-11-25","25.00","AUD","1761124681","101429/2025-11-25/1761124681.json"
"485268","36127","2025-11-26","25.00","AUD","1761124681","101429/2025-11-26/1761124681.json"
"485268","36127","2025-11-27","25.00","AUD","1761124681","101429/2025-11-27/1761124681.json"
"485268","36127","2025-11-29","25.00","AUD","1761124681","101429/2025-11-29/1761124681.json"
"485268","36127","2025-11-28","25.00","AUD","1761124681","101429/2025-11-28/1761124681.json"
"485268","36127","2025-11-30","25.00","AUD","1761124681","101429/2025-11-30/1761124681.json"
"485268","36127","2025-10-24","25.00","AUD","1761142143","101429/2025-10-24/1761142143.json"
"485268","36127","2025-10-27","25.00","AUD","1761142143","101429/2025-10-27/1761142143.json"
"485268","36127","2025-10-29","25.00","AUD","1761142143","101429/2025-10-29/1761142143.json"
"485268","36127","2025-10-30","25.00","AUD","1761142143","101429/2025-10-30/1761142143.json"
"485268","36127","2025-11-01","25.00","AUD","1761142143","101429/2025-11-01/1761142143.json"
"485268","36127","2025-10-28","25.00","AUD","1761142143","101429/2025-10-28/1761142143.json"
"485268","36127","2025-10-31","25.00","AUD","1761142143","101429/2025-10-31/1761142143.json"
"485268","36127","2025-11-02","25.00","AUD","1761142143","101429/2025-11-02/1761142143.json"
"485268","36127","2025-11-03","25.00","AUD","1761142143","101429/2025-11-03/1761142143.json"
"485268","36127","2025-11-04","25.00","AUD","1761142143","101429/2025-11-04/1761142143.json"
"485268","36127","2025-11-05","25.00","AUD","1761142143","101429/2025-11-05/1761142143.json"
"485268","36127","2025-11-06","25.00","AUD","1761142143","101429/2025-11-06/1761142143.json"
"485268","36127","2025-11-12","25.00","AUD","1761142143","101429/2025-11-12/1761142143.json"
"485268","36127","2025-11-13","25.00","AUD","1761142143","101429/2025-11-13/1761142143.json"
"485268","36127","2025-11-11","25.00","AUD","1761142143","101429/2025-11-11/1761142143.json"
"485268","36127","2025-11-14","25.00","AUD","1761142143","101429/2025-11-14/1761142143.json"
"485268","36127","2025-11-15","25.00","AUD","1761142143","101429/2025-11-15/1761142143.json"
"485268","36127","2025-11-16","25.00","AUD","1761142143","101429/2025-11-16/1761142143.json"
"485268","36127","2025-11-18","25.00","AUD","1761142143","101429/2025-11-18/1761142143.json"
"485268","36127","2025-11-17","25.00","AUD","1761142143","101429/2025-11-17/1761142143.json"
"485268","36127","2025-11-19","25.00","AUD","1761142143","101429/2025-11-19/1761142143.json"
"485268","36127","2025-11-21","25.00","AUD","1761142143","101429/2025-11-21/1761142143.json"
"485268","36127","2025-11-20","25.00","AUD","1761142143","101429/2025-11-20/1761142143.json"
"485268","36127","2025-11-22","25.00","AUD","1761142143","101429/2025-11-22/1761142143.json"
"485268","36127","2025-11-23","25.00","AUD","1761142143","101429/2025-11-23/1761142143.json"
"485268","36127","2025-11-24","25.00","AUD","1761142143","101429/2025-11-24/1761142143.json"
"485268","36127","2025-11-25","25.00","AUD","1761142143","101429/2025-11-25/1761142143.json"
"485268","36127","2025-11-26","25.00","AUD","1761142143","101429/2025-11-26/1761142143.json"
"485268","36127","2025-11-27","25.00","AUD","1761142143","101429/2025-11-27/1761142143.json"
"485268","36127","2025-11-28","25.00","AUD","1761142143","101429/2025-11-28/1761142143.json"
"485268","36127","2025-11-29","25.00","AUD","1761142143","101429/2025-11-29/1761142143.json"
"485268","36127","2025-11-30","25.00","AUD","1761142143","101429/2025-11-30/1761142143.json"
"485268","36127","2025-10-24","25.00","AUD","1761153374","101429/2025-10-24/1761153374.json"
"485268","36127","2025-10-27","25.00","AUD","1761153374","101429/2025-10-27/1761153374.json"
"485268","36127","2025-10-29","25.00","AUD","1761153374","101429/2025-10-29/1761153374.json"
"485268","36127","2025-10-30","25.00","AUD","1761153374","101429/2025-10-30/1761153374.json"
"485268","36127","2025-10-31","25.00","AUD","1761153374","101429/2025-10-31/1761153374.json"
"485268","36127","2025-11-01","25.00","AUD","1761153374","101429/2025-11-01/1761153374.json"
"485268","36127","2025-11-02","25.00","AUD","1761153374","101429/2025-11-02/1761153374.json"
"485268","36127","2025-11-03","25.00","AUD","1761153374","101429/2025-11-03/1761153374.json"
"485268","36127","2025-11-04","25.00","AUD","1761153374","101429/2025-11-04/1761153374.json"
"485268","36127","2025-11-05","25.00","AUD","1761153374","101429/2025-11-05/1761153374.json"
"485268","36127","2025-11-06","25.00","AUD","1761153374","101429/2025-11-06/1761153374.json"
"485268","36127","2025-11-11","25.00","AUD","1761153374","101429/2025-11-11/1761153374.json"
"485268","36127","2025-11-12","25.00","AUD","1761153374","101429/2025-11-12/1761153374.json"
"485268","36127","2025-11-13","25.00","AUD","1761153374","101429/2025-11-13/1761153374.json"
"485268","36127","2025-11-14","25.00","AUD","1761153374","101429/2025-11-14/1761153374.json"
"485268","36127","2025-11-15","25.00","AUD","1761153374","101429/2025-11-15/1761153374.json"
"485268","36127","2025-11-16","25.00","AUD","1761153374","101429/2025-11-16/1761153374.json"
"485268","36127","2025-10-28","25.00","AUD","1761153374","101429/2025-10-28/1761153374.json"
"485268","36127","2025-11-17","25.00","AUD","1761153374","101429/2025-11-17/1761153374.json"
"485268","36127","2025-11-18","25.00","AUD","1761153374","101429/2025-11-18/1761153374.json"
"485268","36127","2025-11-20","25.00","AUD","1761153374","101429/2025-11-20/1761153374.json"
"485268","36127","2025-11-19","25.00","AUD","1761153374","101429/2025-11-19/1761153374.json"
"485268","36127","2025-11-21","25.00","AUD","1761153374","101429/2025-11-21/1761153374.json"
"485268","36127","2025-11-22","25.00","AUD","1761153374","101429/2025-11-22/1761153374.json"
"485268","36127","2025-11-23","25.00","AUD","1761153374","101429/2025-11-23/1761153374.json"
"485268","36127","2025-11-25","25.00","AUD","1761153374","101429/2025-11-25/1761153374.json"
"485268","36127","2025-11-24","25.00","AUD","1761153374","101429/2025-11-24/1761153374.json"
"485268","36127","2025-11-26","25.00","AUD","1761153374","101429/2025-11-26/1761153374.json"
"485268","36127","2025-11-27","25.00","AUD","1761153374","101429/2025-11-27/1761153374.json"
"485268","36127","2025-11-29","25.00","AUD","1761153374","101429/2025-11-29/1761153374.json"
"485268","36127","2025-11-28","25.00","AUD","1761153374","101429/2025-11-28/1761153374.json"
"485268","36127","2025-11-30","25.00","AUD","1761153374","101429/2025-11-30/1761153374.json"
"485268","36127","2025-10-24","25.00","AUD","1761166764","101429/2025-10-24/1761166764.json"
"485268","36127","2025-10-27","25.00","AUD","1761166764","101429/2025-10-27/1761166764.json"
"485268","36127","2025-10-29","25.00","AUD","1761166764","101429/2025-10-29/1761166764.json"
"485268","36127","2025-10-28","25.00","AUD","1761166764","101429/2025-10-28/1761166764.json"
"485268","36127","2025-10-30","25.00","AUD","1761166764","101429/2025-10-30/1761166764.json"
"485268","36127","2025-10-31","25.00","AUD","1761166764","101429/2025-10-31/1761166764.json"
"485268","36127","2025-11-02","25.00","AUD","1761166764","101429/2025-11-02/1761166764.json"
"485268","36127","2025-11-03","25.00","AUD","1761166764","101429/2025-11-03/1761166764.json"
"485268","36127","2025-11-04","25.00","AUD","1761166764","101429/2025-11-04/1761166764.json"
"485268","36127","2025-11-01","25.00","AUD","1761166764","101429/2025-11-01/1761166764.json"
"485268","36127","2025-11-05","25.00","AUD","1761166764","101429/2025-11-05/1761166764.json"
"485268","36127","2025-11-06","25.00","AUD","1761166764","101429/2025-11-06/1761166764.json"
"485268","36127","2025-11-11","25.00","AUD","1761166764","101429/2025-11-11/1761166764.json"
"485268","36127","2025-11-12","25.00","AUD","1761166764","101429/2025-11-12/1761166764.json"
"485268","36127","2025-11-13","25.00","AUD","1761166764","101429/2025-11-13/1761166764.json"
"485268","36127","2025-11-14","25.00","AUD","1761166764","101429/2025-11-14/1761166764.json"
"485268","36127","2025-11-15","25.00","AUD","1761166764","101429/2025-11-15/1761166764.json"
"485268","36127","2025-11-16","25.00","AUD","1761166764","101429/2025-11-16/1761166764.json"
"485268","36127","2025-11-17","25.00","AUD","1761166764","101429/2025-11-17/1761166764.json"
"485268","36127","2025-11-19","25.00","AUD","1761166764","101429/2025-11-19/1761166764.json"
"485268","36127","2025-11-18","25.00","AUD","1761166764","101429/2025-11-18/1761166764.json"
"485268","36127","2025-11-20","25.00","AUD","1761166764","101429/2025-11-20/1761166764.json"
"485268","36127","2025-11-21","25.00","AUD","1761166764","101429/2025-11-21/1761166764.json"
"485268","36127","2025-11-23","25.00","AUD","1761166764","101429/2025-11-23/1761166764.json"
"485268","36127","2025-11-22","25.00","AUD","1761166764","101429/2025-11-22/1761166764.json"
"485268","36127","2025-11-25","25.00","AUD","1761166764","101429/2025-11-25/1761166764.json"
"485268","36127","2025-11-24","25.00","AUD","1761166764","101429/2025-11-24/1761166764.json"
"485268","36127","2025-11-26","25.00","AUD","1761166764","101429/2025-11-26/1761166764.json"
"485268","36127","2025-11-27","25.00","AUD","1761166764","101429/2025-11-27/1761166764.json"
"485268","36127","2025-11-28","25.00","AUD","1761166764","101429/2025-11-28/1761166764.json"
"485268","36127","2025-11-30","25.00","AUD","1761166764","101429/2025-11-30/1761166764.json"
"485268","36127","2025-11-29","25.00","AUD","1761166764","101429/2025-11-29/1761166764.json"
"485268","36127","2025-10-24","25.00","AUD","1761190535","101429/2025-10-24/1761190535.json"
"485268","36127","2025-10-30","25.00","AUD","1761190535","101429/2025-10-30/1761190535.json"
"485268","36127","2025-10-27","25.00","AUD","1761190535","101429/2025-10-27/1761190535.json"
"485268","36127","2025-10-29","25.00","AUD","1761190535","101429/2025-10-29/1761190535.json"
"485268","36127","2025-10-28","25.00","AUD","1761190535","101429/2025-10-28/1761190535.json"
"485268","36127","2025-11-01","25.00","AUD","1761190535","101429/2025-11-01/1761190535.json"
"485268","36127","2025-10-31","25.00","AUD","1761190535","101429/2025-10-31/1761190535.json"
"485268","36127","2025-11-03","25.00","AUD","1761190535","101429/2025-11-03/1761190535.json"
"485268","36127","2025-11-02","25.00","AUD","1761190535","101429/2025-11-02/1761190535.json"
"485268","36127","2025-11-05","25.00","AUD","1761190535","101429/2025-11-05/1761190535.json"
"485268","36127","2025-11-04","25.00","AUD","1761190535","101429/2025-11-04/1761190535.json"
"485268","36127","2025-11-06","25.00","AUD","1761190535","101429/2025-11-06/1761190535.json"
"485268","36127","2025-11-12","25.00","AUD","1761190535","101429/2025-11-12/1761190535.json"
"485268","36127","2025-11-11","25.00","AUD","1761190535","101429/2025-11-11/1761190535.json"
"485268","36127","2025-11-13","25.00","AUD","1761190535","101429/2025-11-13/1761190535.json"
"485268","36127","2025-11-14","25.00","AUD","1761190535","101429/2025-11-14/1761190535.json"
"485268","36127","2025-11-15","25.00","AUD","1761190535","101429/2025-11-15/1761190535.json"
"485268","36127","2025-11-17","25.00","AUD","1761190535","101429/2025-11-17/1761190535.json"
"485268","36127","2025-11-16","25.00","AUD","1761190535","101429/2025-11-16/1761190535.json"
"485268","36127","2025-11-18","25.00","AUD","1761190535","101429/2025-11-18/1761190535.json"
"485268","36127","2025-11-19","25.00","AUD","1761190535","101429/2025-11-19/1761190535.json"
"485268","36127","2025-11-22","25.00","AUD","1761190535","101429/2025-11-22/1761190535.json"
"485268","36127","2025-11-23","25.00","AUD","1761190535","101429/2025-11-23/1761190535.json"
"485268","36127","2025-11-21","25.00","AUD","1761190535","101429/2025-11-21/1761190535.json"
"485268","36127","2025-11-20","25.00","AUD","1761190535","101429/2025-11-20/1761190535.json"
"485268","36127","2025-11-24","25.00","AUD","1761190535","101429/2025-11-24/1761190535.json"
"485268","36127","2025-11-26","25.00","AUD","1761190535","101429/2025-11-26/1761190535.json"
"485268","36127","2025-11-25","25.00","AUD","1761190535","101429/2025-11-25/1761190535.json"
"485268","36127","2025-11-27","25.00","AUD","1761190535","101429/2025-11-27/1761190535.json"
"485268","36127","2025-11-28","25.00","AUD","1761190535","101429/2025-11-28/1761190535.json"
"485268","36127","2025-11-30","25.00","AUD","1761190535","101429/2025-11-30/1761190535.json"
"485268","36127","2025-11-29","25.00","AUD","1761190535","101429/2025-11-29/1761190535.json"
"485268","36127","2025-10-24","25.00","AUD","1761195917","101429/2025-10-24/1761195917.json"
"485268","36127","2025-10-27","25.00","AUD","1761195917","101429/2025-10-27/1761195917.json"
"485268","36127","2025-10-28","25.00","AUD","1761195917","101429/2025-10-28/1761195917.json"
"485268","36127","2025-10-30","25.00","AUD","1761195917","101429/2025-10-30/1761195917.json"
"485268","36127","2025-10-29","25.00","AUD","1761195917","101429/2025-10-29/1761195917.json"
"485268","36127","2025-11-01","25.00","AUD","1761195917","101429/2025-11-01/1761195917.json"
"485268","36127","2025-11-02","25.00","AUD","1761195917","101429/2025-11-02/1761195917.json"
"485268","36127","2025-10-31","25.00","AUD","1761195917","101429/2025-10-31/1761195917.json"
"485268","36127","2025-11-03","25.00","AUD","1761195917","101429/2025-11-03/1761195917.json"
"485268","36127","2025-11-06","25.00","AUD","1761195917","101429/2025-11-06/1761195917.json"
"485268","36127","2025-11-04","25.00","AUD","1761195917","101429/2025-11-04/1761195917.json"
"485268","36127","2025-11-05","25.00","AUD","1761195917","101429/2025-11-05/1761195917.json"
"485268","36127","2025-11-11","25.00","AUD","1761195917","101429/2025-11-11/1761195917.json"
"485268","36127","2025-11-13","25.00","AUD","1761195917","101429/2025-11-13/1761195917.json"
"485268","36127","2025-11-12","25.00","AUD","1761195917","101429/2025-11-12/1761195917.json"
"485268","36127","2025-11-15","25.00","AUD","1761195917","101429/2025-11-15/1761195917.json"
"485268","36127","2025-11-14","25.00","AUD","1761195917","101429/2025-11-14/1761195917.json"
"485268","36127","2025-11-16","25.00","AUD","1761195917","101429/2025-11-16/1761195917.json"
"485268","36127","2025-11-19","25.00","AUD","1761195917","101429/2025-11-19/1761195917.json"
"485268","36127","2025-11-18","25.00","AUD","1761195917","101429/2025-11-18/1761195917.json"
"485268","36127","2025-11-17","25.00","AUD","1761195917","101429/2025-11-17/1761195917.json"
"485268","36127","2025-11-20","25.00","AUD","1761195917","101429/2025-11-20/1761195917.json"
"485268","36127","2025-11-21","25.00","AUD","1761195917","101429/2025-11-21/1761195917.json"
"485268","36127","2025-11-23","25.00","AUD","1761195917","101429/2025-11-23/1761195917.json"
"485268","36127","2025-11-22","25.00","AUD","1761195917","101429/2025-11-22/1761195917.json"
"485268","36127","2025-11-24","25.00","AUD","1761195917","101429/2025-11-24/1761195917.json"
"485268","36127","2025-11-25","25.00","AUD","1761195917","101429/2025-11-25/1761195917.json"
"485268","36127","2025-11-26","25.00","AUD","1761195917","101429/2025-11-26/1761195917.json"
"485268","36127","2025-11-27","25.00","AUD","1761195917","101429/2025-11-27/1761195917.json"
"485268","36127","2025-11-28","25.00","AUD","1761195917","101429/2025-11-28/1761195917.json"
"485268","36127","2025-11-30","25.00","AUD","1761195917","101429/2025-11-30/1761195917.json"
"485268","36127","2025-11-29","25.00","AUD","1761195917","101429/2025-11-29/1761195917.json"
"485268","36127","2025-10-24","25.00","AUD","1761210968","101429/2025-10-24/1761210968.json"
"485268","36127","2025-10-28","25.00","AUD","1761210968","101429/2025-10-28/1761210968.json"
"485268","36127","2025-10-29","25.00","AUD","1761210968","101429/2025-10-29/1761210968.json"
"485268","36127","2025-10-30","25.00","AUD","1761210968","101429/2025-10-30/1761210968.json"
"485268","36127","2025-10-27","25.00","AUD","1761210968","101429/2025-10-27/1761210968.json"
"485268","36127","2025-10-31","25.00","AUD","1761210968","101429/2025-10-31/1761210968.json"
"485268","36127","2025-11-02","25.00","AUD","1761210968","101429/2025-11-02/1761210968.json"
"485268","36127","2025-11-01","25.00","AUD","1761210968","101429/2025-11-01/1761210968.json"
"485268","36127","2025-11-03","25.00","AUD","1761210968","101429/2025-11-03/1761210968.json"
"485268","36127","2025-11-04","25.00","AUD","1761210968","101429/2025-11-04/1761210968.json"
"485268","36127","2025-11-05","25.00","AUD","1761210968","101429/2025-11-05/1761210968.json"
"485268","36127","2025-11-06","25.00","AUD","1761210968","101429/2025-11-06/1761210968.json"
"485268","36127","2025-11-12","25.00","AUD","1761210968","101429/2025-11-12/1761210968.json"
"485268","36127","2025-11-11","25.00","AUD","1761210968","101429/2025-11-11/1761210968.json"
"485268","36127","2025-11-13","25.00","AUD","1761210968","101429/2025-11-13/1761210968.json"
"485268","36127","2025-11-15","25.00","AUD","1761210968","101429/2025-11-15/1761210968.json"
"485268","36127","2025-11-16","25.00","AUD","1761210968","101429/2025-11-16/1761210968.json"
"485268","36127","2025-11-14","25.00","AUD","1761210968","101429/2025-11-14/1761210968.json"
"485268","36127","2025-11-20","25.00","AUD","1761210968","101429/2025-11-20/1761210968.json"
"485268","36127","2025-11-18","25.00","AUD","1761210968","101429/2025-11-18/1761210968.json"
"485268","36127","2025-11-19","25.00","AUD","1761210968","101429/2025-11-19/1761210968.json"
"485268","36127","2025-11-17","25.00","AUD","1761210968","101429/2025-11-17/1761210968.json"
"485268","36127","2025-11-21","25.00","AUD","1761210968","101429/2025-11-21/1761210968.json"
"485268","36127","2025-11-22","25.00","AUD","1761210968","101429/2025-11-22/1761210968.json"
"485268","36127","2025-11-23","25.00","AUD","1761210968","101429/2025-11-23/1761210968.json"
"485268","36127","2025-11-24","25.00","AUD","1761210968","101429/2025-11-24/1761210968.json"
"485268","36127","2025-11-26","25.00","AUD","1761210968","101429/2025-11-26/1761210968.json"
"485268","36127","2025-11-27","25.00","AUD","1761210968","101429/2025-11-27/1761210968.json"
"485268","36127","2025-11-25","25.00","AUD","1761210968","101429/2025-11-25/1761210968.json"
"485268","36127","2025-11-28","25.00","AUD","1761210968","101429/2025-11-28/1761210968.json"
"485268","36127","2025-11-29","25.00","AUD","1761210968","101429/2025-11-29/1761210968.json"
"485268","36127","2025-11-30","25.00","AUD","1761210968","101429/2025-11-30/1761210968.json"
"485268","36127","2025-10-24","25.00","AUD","1761228232","101429/2025-10-24/1761228232.json"
"485268","36127","2025-10-27","25.00","AUD","1761228232","101429/2025-10-27/1761228232.json"
"485268","36127","2025-10-28","25.00","AUD","1761228232","101429/2025-10-28/1761228232.json"
"485268","36127","2025-10-29","25.00","AUD","1761228232","101429/2025-10-29/1761228232.json"
"485268","36127","2025-10-30","25.00","AUD","1761228232","101429/2025-10-30/1761228232.json"
"485268","36127","2025-10-31","25.00","AUD","1761228232","101429/2025-10-31/1761228232.json"
"485268","36127","2025-11-02","25.00","AUD","1761228232","101429/2025-11-02/1761228232.json"
"485268","36127","2025-11-01","25.00","AUD","1761228232","101429/2025-11-01/1761228232.json"
"485268","36127","2025-11-03","25.00","AUD","1761228232","101429/2025-11-03/1761228232.json"
"485268","36127","2025-11-04","25.00","AUD","1761228232","101429/2025-11-04/1761228232.json"
"485268","36127","2025-11-05","25.00","AUD","1761228232","101429/2025-11-05/1761228232.json"
"485268","36127","2025-11-06","25.00","AUD","1761228232","101429/2025-11-06/1761228232.json"
"485268","36127","2025-11-11","25.00","AUD","1761228232","101429/2025-11-11/1761228232.json"
"485268","36127","2025-11-12","25.00","AUD","1761228232","101429/2025-11-12/1761228232.json"
"485268","36127","2025-11-13","25.00","AUD","1761228232","101429/2025-11-13/1761228232.json"
"485268","36127","2025-11-15","25.00","AUD","1761228232","101429/2025-11-15/1761228232.json"
"485268","36127","2025-11-16","25.00","AUD","1761228232","101429/2025-11-16/1761228232.json"
"485268","36127","2025-11-14","25.00","AUD","1761228232","101429/2025-11-14/1761228232.json"
"485268","36127","2025-11-18","25.00","AUD","1761228232","101429/2025-11-18/1761228232.json"
"485268","36127","2025-11-17","25.00","AUD","1761228232","101429/2025-11-17/1761228232.json"
"485268","36127","2025-11-19","25.00","AUD","1761228232","101429/2025-11-19/1761228232.json"
"485268","36127","2025-11-20","25.00","AUD","1761228232","101429/2025-11-20/1761228232.json"
"485268","36127","2025-11-21","25.00","AUD","1761228232","101429/2025-11-21/1761228232.json"
"485268","36127","2025-11-22","25.00","AUD","1761228232","101429/2025-11-22/1761228232.json"
"485268","36127","2025-11-23","25.00","AUD","1761228232","101429/2025-11-23/1761228232.json"
"485268","36127","2025-11-24","25.00","AUD","1761228232","101429/2025-11-24/1761228232.json"
"485268","36127","2025-11-29","25.00","AUD","1761228232","101429/2025-11-29/1761228232.json"
"485268","36127","2025-11-30","25.00","AUD","1761228232","101429/2025-11-30/1761228232.json"
"485268","36127","2025-10-24","25.00","AUD","1761239669","101429/2025-10-24/1761239669.json"
"485268","36127","2025-10-27","25.00","AUD","1761239669","101429/2025-10-27/1761239669.json"
"485268","36127","2025-10-28","25.00","AUD","1761239669","101429/2025-10-28/1761239669.json"
"485268","36127","2025-10-30","25.00","AUD","1761239669","101429/2025-10-30/1761239669.json"
"485268","36127","2025-10-29","25.00","AUD","1761239669","101429/2025-10-29/1761239669.json"
"485268","36127","2025-10-31","25.00","AUD","1761239669","101429/2025-10-31/1761239669.json"
"485268","36127","2025-11-01","25.00","AUD","1761239669","101429/2025-11-01/1761239669.json"
"485268","36127","2025-11-02","25.00","AUD","1761239669","101429/2025-11-02/1761239669.json"
"485268","36127","2025-11-04","25.00","AUD","1761239669","101429/2025-11-04/1761239669.json"
"485268","36127","2025-11-03","25.00","AUD","1761239669","101429/2025-11-03/1761239669.json"
"485268","36127","2025-11-05","25.00","AUD","1761239669","101429/2025-11-05/1761239669.json"
"485268","36127","2025-11-06","25.00","AUD","1761239669","101429/2025-11-06/1761239669.json"
"485268","36127","2025-11-12","25.00","AUD","1761239669","101429/2025-11-12/1761239669.json"
"485268","36127","2025-11-11","25.00","AUD","1761239669","101429/2025-11-11/1761239669.json"
"485268","36127","2025-11-13","25.00","AUD","1761239669","101429/2025-11-13/1761239669.json"
"485268","36127","2025-11-14","25.00","AUD","1761239669","101429/2025-11-14/1761239669.json"
"485268","36127","2025-11-16","25.00","AUD","1761239669","101429/2025-11-16/1761239669.json"
"485268","36127","2025-11-15","25.00","AUD","1761239669","101429/2025-11-15/1761239669.json"
"485268","36127","2025-11-17","25.00","AUD","1761239669","101429/2025-11-17/1761239669.json"
"485268","36127","2025-11-18","25.00","AUD","1761239669","101429/2025-11-18/1761239669.json"
"485268","36127","2025-11-20","25.00","AUD","1761239669","101429/2025-11-20/1761239669.json"
"485268","36127","2025-11-19","25.00","AUD","1761239669","101429/2025-11-19/1761239669.json"
"485268","36127","2025-11-21","25.00","AUD","1761239669","101429/2025-11-21/1761239669.json"
"485268","36127","2025-11-22","25.00","AUD","1761239669","101429/2025-11-22/1761239669.json"
"485268","36127","2025-11-24","25.00","AUD","1761239669","101429/2025-11-24/1761239669.json"
"485268","36127","2025-11-23","25.00","AUD","1761239669","101429/2025-11-23/1761239669.json"
"485268","36127","2025-11-29","25.00","AUD","1761239669","101429/2025-11-29/1761239669.json"
"485268","36127","2025-11-30","25.00","AUD","1761239669","101429/2025-11-30/1761239669.json"
"485268","36127","2025-10-24","25.00","AUD","1761253248","101429/2025-10-24/1761253248.json"
"485268","36127","2025-10-27","25.00","AUD","1761253248","101429/2025-10-27/1761253248.json"
"485268","36127","2025-10-28","25.00","AUD","1761253248","101429/2025-10-28/1761253248.json"
"485268","36127","2025-10-30","25.00","AUD","1761253248","101429/2025-10-30/1761253248.json"
"485268","36127","2025-10-29","25.00","AUD","1761253248","101429/2025-10-29/1761253248.json"
"485268","36127","2025-10-31","25.00","AUD","1761253248","101429/2025-10-31/1761253248.json"
"485268","36127","2025-11-01","25.00","AUD","1761253248","101429/2025-11-01/1761253248.json"
"485268","36127","2025-11-02","25.00","AUD","1761253248","101429/2025-11-02/1761253248.json"
"485268","36127","2025-11-03","25.00","AUD","1761253248","101429/2025-11-03/1761253248.json"
"485268","36127","2025-11-04","25.00","AUD","1761253248","101429/2025-11-04/1761253248.json"
"485268","36127","2025-11-06","25.00","AUD","1761253248","101429/2025-11-06/1761253248.json"
"485268","36127","2025-11-05","25.00","AUD","1761253248","101429/2025-11-05/1761253248.json"
"485268","36127","2025-11-11","25.00","AUD","1761253248","101429/2025-11-11/1761253248.json"
"485268","36127","2025-11-12","25.00","AUD","1761253248","101429/2025-11-12/1761253248.json"
"485268","36127","2025-11-13","25.00","AUD","1761253248","101429/2025-11-13/1761253248.json"
"485268","36127","2025-11-14","25.00","AUD","1761253248","101429/2025-11-14/1761253248.json"
"485268","36127","2025-11-16","25.00","AUD","1761253248","101429/2025-11-16/1761253248.json"
"485268","36127","2025-11-15","25.00","AUD","1761253248","101429/2025-11-15/1761253248.json"
"485268","36127","2025-11-17","25.00","AUD","1761253248","101429/2025-11-17/1761253248.json"
"485268","36127","2025-11-19","25.00","AUD","1761253248","101429/2025-11-19/1761253248.json"
"485268","36127","2025-11-20","25.00","AUD","1761253248","101429/2025-11-20/1761253248.json"
"485268","36127","2025-11-18","25.00","AUD","1761253248","101429/2025-11-18/1761253248.json"
"485268","36127","2025-11-21","25.00","AUD","1761253248","101429/2025-11-21/1761253248.json"
"485268","36127","2025-11-22","25.00","AUD","1761253248","101429/2025-11-22/1761253248.json"
"485268","36127","2025-11-23","25.00","AUD","1761253248","101429/2025-11-23/1761253248.json"
"485268","36127","2025-11-24","25.00","AUD","1761253248","101429/2025-11-24/1761253248.json"
"485268","36127","2025-11-29","25.00","AUD","1761253248","101429/2025-11-29/1761253248.json"
"485268","36127","2025-11-30","25.00","AUD","1761253248","101429/2025-11-30/1761253248.json"
"485268","36127","2025-10-24","25.00","AUD","1761276924","101429/2025-10-24/1761276924.json"
"485268","36127","2025-10-28","25.00","AUD","1761276924","101429/2025-10-28/1761276924.json"
"485268","36127","2025-10-29","25.00","AUD","1761276924","101429/2025-10-29/1761276924.json"
"485268","36127","2025-10-30","25.00","AUD","1761276924","101429/2025-10-30/1761276924.json"
"485268","36127","2025-10-31","25.00","AUD","1761276924","101429/2025-10-31/1761276924.json"
"485268","36127","2025-11-01","25.00","AUD","1761276924","101429/2025-11-01/1761276924.json"
"485268","36127","2025-11-02","25.00","AUD","1761276924","101429/2025-11-02/1761276924.json"
"485268","36127","2025-11-03","25.00","AUD","1761276924","101429/2025-11-03/1761276924.json"
"485268","36127","2025-11-04","25.00","AUD","1761276924","101429/2025-11-04/1761276924.json"
"485268","36127","2025-11-06","25.00","AUD","1761276924","101429/2025-11-06/1761276924.json"
"485268","36127","2025-11-05","25.00","AUD","1761276924","101429/2025-11-05/1761276924.json"
"485268","36127","2025-10-27","25.00","AUD","1761276924","101429/2025-10-27/1761276924.json"
"485268","36127","2025-11-12","25.00","AUD","1761276924","101429/2025-11-12/1761276924.json"
"485268","36127","2025-11-11","25.00","AUD","1761276924","101429/2025-11-11/1761276924.json"
"485268","36127","2025-11-14","25.00","AUD","1761276924","101429/2025-11-14/1761276924.json"
"485268","36127","2025-11-13","25.00","AUD","1761276924","101429/2025-11-13/1761276924.json"
"485268","36127","2025-11-15","25.00","AUD","1761276924","101429/2025-11-15/1761276924.json"
"485268","36127","2025-11-16","25.00","AUD","1761276924","101429/2025-11-16/1761276924.json"
"485268","36127","2025-11-17","25.00","AUD","1761276924","101429/2025-11-17/1761276924.json"
"485268","36127","2025-11-20","25.00","AUD","1761276924","101429/2025-11-20/1761276924.json"
"485268","36127","2025-11-21","25.00","AUD","1761276924","101429/2025-11-21/1761276924.json"
"485268","36127","2025-11-18","25.00","AUD","1761276924","101429/2025-11-18/1761276924.json"
"485268","36127","2025-11-19","25.00","AUD","1761276924","101429/2025-11-19/1761276924.json"
"485268","36127","2025-11-23","25.00","AUD","1761276924","101429/2025-11-23/1761276924.json"
"485268","36127","2025-11-24","25.00","AUD","1761276924","101429/2025-11-24/1761276924.json"
"485268","36127","2025-11-22","25.00","AUD","1761276924","101429/2025-11-22/1761276924.json"
"485268","36127","2025-11-29","25.00","AUD","1761276924","101429/2025-11-29/1761276924.json"
"485268","36127","2025-11-30","25.00","AUD","1761276924","101429/2025-11-30/1761276924.json"
"485268","36127","2025-10-24","25.00","AUD","1761282217","101429/2025-10-24/1761282217.json"
"485268","36127","2025-10-27","25.00","AUD","1761282217","101429/2025-10-27/1761282217.json"
"485268","36127","2025-10-31","25.00","AUD","1761282217","101429/2025-10-31/1761282217.json"
"485268","36127","2025-10-30","25.00","AUD","1761282217","101429/2025-10-30/1761282217.json"
"485268","36127","2025-10-28","25.00","AUD","1761282217","101429/2025-10-28/1761282217.json"
"485268","36127","2025-10-29","25.00","AUD","1761282217","101429/2025-10-29/1761282217.json"
"485268","36127","2025-11-02","25.00","AUD","1761282217","101429/2025-11-02/1761282217.json"
"485268","36127","2025-11-03","25.00","AUD","1761282217","101429/2025-11-03/1761282217.json"
"485268","36127","2025-11-01","25.00","AUD","1761282217","101429/2025-11-01/1761282217.json"
"485268","36127","2025-11-04","25.00","AUD","1761282217","101429/2025-11-04/1761282217.json"
"485268","36127","2025-11-05","25.00","AUD","1761282217","101429/2025-11-05/1761282217.json"
"485268","36127","2025-11-06","25.00","AUD","1761282217","101429/2025-11-06/1761282217.json"
"485268","36127","2025-11-11","25.00","AUD","1761282217","101429/2025-11-11/1761282217.json"
"485268","36127","2025-11-13","25.00","AUD","1761282217","101429/2025-11-13/1761282217.json"
"485268","36127","2025-11-12","25.00","AUD","1761282217","101429/2025-11-12/1761282217.json"
"485268","36127","2025-11-14","25.00","AUD","1761282217","101429/2025-11-14/1761282217.json"
"485268","36127","2025-11-15","25.00","AUD","1761282217","101429/2025-11-15/1761282217.json"
"485268","36127","2025-11-17","25.00","AUD","1761282217","101429/2025-11-17/1761282217.json"
"485268","36127","2025-11-16","25.00","AUD","1761282217","101429/2025-11-16/1761282217.json"
"485268","36127","2025-11-19","25.00","AUD","1761282217","101429/2025-11-19/1761282217.json"
"485268","36127","2025-11-18","25.00","AUD","1761282217","101429/2025-11-18/1761282217.json"
"485268","36127","2025-11-20","25.00","AUD","1761282217","101429/2025-11-20/1761282217.json"
"485268","36127","2025-11-21","25.00","AUD","1761282217","101429/2025-11-21/1761282217.json"
"485268","36127","2025-11-22","25.00","AUD","1761282217","101429/2025-11-22/1761282217.json"
"485268","36127","2025-11-23","25.00","AUD","1761282217","101429/2025-11-23/1761282217.json"
"485268","36127","2025-11-24","25.00","AUD","1761282217","101429/2025-11-24/1761282217.json"
"485268","36127","2025-11-29","25.00","AUD","1761282217","101429/2025-11-29/1761282217.json"
"485268","36127","2025-11-30","25.00","AUD","1761282217","101429/2025-11-30/1761282217.json"
"485268","36127","2025-10-27","25.00","AUD","1761297496","101429/2025-10-27/1761297496.json"
"485268","36127","2025-10-31","25.00","AUD","1761297496","101429/2025-10-31/1761297496.json"
"485268","36127","2025-10-29","25.00","AUD","1761297496","101429/2025-10-29/1761297496.json"
"485268","36127","2025-10-30","25.00","AUD","1761297496","101429/2025-10-30/1761297496.json"
"485268","36127","2025-10-28","25.00","AUD","1761297496","101429/2025-10-28/1761297496.json"
"485268","36127","2025-11-01","25.00","AUD","1761297496","101429/2025-11-01/1761297496.json"
"485268","36127","2025-11-03","25.00","AUD","1761297496","101429/2025-11-03/1761297496.json"
"485268","36127","2025-11-02","25.00","AUD","1761297496","101429/2025-11-02/1761297496.json"
"485268","36127","2025-11-04","25.00","AUD","1761297496","101429/2025-11-04/1761297496.json"
"485268","36127","2025-11-05","25.00","AUD","1761297496","101429/2025-11-05/1761297496.json"
"485268","36127","2025-11-06","25.00","AUD","1761297496","101429/2025-11-06/1761297496.json"
"485268","36127","2025-11-11","25.00","AUD","1761297496","101429/2025-11-11/1761297496.json"
"485268","36127","2025-11-12","25.00","AUD","1761297496","101429/2025-11-12/1761297496.json"
"485268","36127","2025-11-13","25.00","AUD","1761297496","101429/2025-11-13/1761297496.json"
"485268","36127","2025-11-14","25.00","AUD","1761297496","101429/2025-11-14/1761297496.json"
"485268","36127","2025-11-15","25.00","AUD","1761297496","101429/2025-11-15/1761297496.json"
"485268","36127","2025-11-17","25.00","AUD","1761297496","101429/2025-11-17/1761297496.json"
"485268","36127","2025-11-16","25.00","AUD","1761297496","101429/2025-11-16/1761297496.json"
"485268","36127","2025-11-18","25.00","AUD","1761297496","101429/2025-11-18/1761297496.json"
"485268","36127","2025-11-19","25.00","AUD","1761297496","101429/2025-11-19/1761297496.json"
"485268","36127","2025-11-23","25.00","AUD","1761297496","101429/2025-11-23/1761297496.json"
"485268","36127","2025-11-21","25.00","AUD","1761297496","101429/2025-11-21/1761297496.json"
"485268","36127","2025-11-22","25.00","AUD","1761297496","101429/2025-11-22/1761297496.json"
"485268","36127","2025-11-20","25.00","AUD","1761297496","101429/2025-11-20/1761297496.json"
"485268","36127","2025-11-24","25.00","AUD","1761297496","101429/2025-11-24/1761297496.json"
"485268","36127","2025-11-29","25.00","AUD","1761297496","101429/2025-11-29/1761297496.json"
"485268","36127","2025-11-30","25.00","AUD","1761297496","101429/2025-11-30/1761297496.json"
"485268","36127","2025-10-27","25.00","AUD","1761314754","101429/2025-10-27/1761314754.json"
"485268","36127","2025-10-30","25.00","AUD","1761314754","101429/2025-10-30/1761314754.json"
"485268","36127","2025-10-29","25.00","AUD","1761314754","101429/2025-10-29/1761314754.json"
"485268","36127","2025-10-31","25.00","AUD","1761314754","101429/2025-10-31/1761314754.json"
"485268","36127","2025-11-01","25.00","AUD","1761314754","101429/2025-11-01/1761314754.json"
"485268","36127","2025-11-02","25.00","AUD","1761314754","101429/2025-11-02/1761314754.json"
"485268","36127","2025-11-03","25.00","AUD","1761314754","101429/2025-11-03/1761314754.json"
"485268","36127","2025-11-05","25.00","AUD","1761314754","101429/2025-11-05/1761314754.json"
"485268","36127","2025-11-04","25.00","AUD","1761314754","101429/2025-11-04/1761314754.json"
"485268","36127","2025-11-06","25.00","AUD","1761314754","101429/2025-11-06/1761314754.json"
"485268","36127","2025-10-28","25.00","AUD","1761314754","101429/2025-10-28/1761314754.json"
"485268","36127","2025-11-11","25.00","AUD","1761314754","101429/2025-11-11/1761314754.json"
"485268","36127","2025-11-12","25.00","AUD","1761314754","101429/2025-11-12/1761314754.json"
"485268","36127","2025-11-13","25.00","AUD","1761314754","101429/2025-11-13/1761314754.json"
"485268","36127","2025-11-14","25.00","AUD","1761314754","101429/2025-11-14/1761314754.json"
"485268","36127","2025-11-15","25.00","AUD","1761314754","101429/2025-11-15/1761314754.json"
"485268","36127","2025-11-17","25.00","AUD","1761314754","101429/2025-11-17/1761314754.json"
"485268","36127","2025-11-16","25.00","AUD","1761314754","101429/2025-11-16/1761314754.json"
"485268","36127","2025-11-18","25.00","AUD","1761314754","101429/2025-11-18/1761314754.json"
"485268","36127","2025-11-19","25.00","AUD","1761314754","101429/2025-11-19/1761314754.json"
"485268","36127","2025-11-20","25.00","AUD","1761314754","101429/2025-11-20/1761314754.json"
"485268","36127","2025-11-23","25.00","AUD","1761314754","101429/2025-11-23/1761314754.json"
"485268","36127","2025-11-21","25.00","AUD","1761314754","101429/2025-11-21/1761314754.json"
"485268","36127","2025-11-24","25.00","AUD","1761314754","101429/2025-11-24/1761314754.json"
"485268","36127","2025-11-22","25.00","AUD","1761314754","101429/2025-11-22/1761314754.json"
"485268","36127","2025-11-29","25.00","AUD","1761314754","101429/2025-11-29/1761314754.json"
"485268","36127","2025-11-30","25.00","AUD","1761314754","101429/2025-11-30/1761314754.json"
"485268","36127","2025-10-27","25.00","AUD","1761325860","101429/2025-10-27/1761325860.json"
"485268","36127","2025-10-28","25.00","AUD","1761325860","101429/2025-10-28/1761325860.json"
"485268","36127","2025-10-29","25.00","AUD","1761325860","101429/2025-10-29/1761325860.json"
"485268","36127","2025-10-30","25.00","AUD","1761325860","101429/2025-10-30/1761325860.json"
"485268","36127","2025-10-31","25.00","AUD","1761325860","101429/2025-10-31/1761325860.json"
"485268","36127","2025-11-01","25.00","AUD","1761325860","101429/2025-11-01/1761325860.json"
"485268","36127","2025-11-04","25.00","AUD","1761325860","101429/2025-11-04/1761325860.json"
"485268","36127","2025-11-03","25.00","AUD","1761325860","101429/2025-11-03/1761325860.json"
"485268","36127","2025-11-02","25.00","AUD","1761325860","101429/2025-11-02/1761325860.json"
"485268","36127","2025-11-05","25.00","AUD","1761325860","101429/2025-11-05/1761325860.json"
"485268","36127","2025-11-06","25.00","AUD","1761325860","101429/2025-11-06/1761325860.json"
"485268","36127","2025-11-11","25.00","AUD","1761325860","101429/2025-11-11/1761325860.json"
"485268","36127","2025-11-12","25.00","AUD","1761325860","101429/2025-11-12/1761325860.json"
"485268","36127","2025-11-13","25.00","AUD","1761325860","101429/2025-11-13/1761325860.json"
"485268","36127","2025-11-14","25.00","AUD","1761325860","101429/2025-11-14/1761325860.json"
"485268","36127","2025-11-15","25.00","AUD","1761325860","101429/2025-11-15/1761325860.json"
"485268","36127","2025-11-16","25.00","AUD","1761325860","101429/2025-11-16/1761325860.json"
"485268","36127","2025-11-17","25.00","AUD","1761325860","101429/2025-11-17/1761325860.json"
"485268","36127","2025-11-19","25.00","AUD","1761325860","101429/2025-11-19/1761325860.json"
"485268","36127","2025-11-20","25.00","AUD","1761325860","101429/2025-11-20/1761325860.json"
"485268","36127","2025-11-21","25.00","AUD","1761325860","101429/2025-11-21/1761325860.json"
"485268","36127","2025-11-18","25.00","AUD","1761325860","101429/2025-11-18/1761325860.json"
"485268","36127","2025-11-23","25.00","AUD","1761325860","101429/2025-11-23/1761325860.json"
"485268","36127","2025-11-24","25.00","AUD","1761325860","101429/2025-11-24/1761325860.json"
"485268","36127","2025-11-22","25.00","AUD","1761325860","101429/2025-11-22/1761325860.json"
"485268","36127","2025-11-29","25.00","AUD","1761325860","101429/2025-11-29/1761325860.json"
"485268","36127","2025-11-30","25.00","AUD","1761325860","101429/2025-11-30/1761325860.json"
"485268","36127","2025-10-27","25.00","AUD","1761339552","101429/2025-10-27/1761339552.json"
"485268","36127","2025-10-28","25.00","AUD","1761339552","101429/2025-10-28/1761339552.json"
"485268","36127","2025-10-29","25.00","AUD","1761339552","101429/2025-10-29/1761339552.json"
"485268","36127","2025-10-30","25.00","AUD","1761339552","101429/2025-10-30/1761339552.json"
"485268","36127","2025-10-31","25.00","AUD","1761339552","101429/2025-10-31/1761339552.json"
"485268","36127","2025-11-01","25.00","AUD","1761339552","101429/2025-11-01/1761339552.json"
"485268","36127","2025-11-03","25.00","AUD","1761339552","101429/2025-11-03/1761339552.json"
"485268","36127","2025-11-04","25.00","AUD","1761339552","101429/2025-11-04/1761339552.json"
"485268","36127","2025-11-05","25.00","AUD","1761339552","101429/2025-11-05/1761339552.json"
"485268","36127","2025-11-02","25.00","AUD","1761339552","101429/2025-11-02/1761339552.json"
"485268","36127","2025-11-06","25.00","AUD","1761339552","101429/2025-11-06/1761339552.json"
"485268","36127","2025-11-11","25.00","AUD","1761339552","101429/2025-11-11/1761339552.json"
"485268","36127","2025-11-12","25.00","AUD","1761339552","101429/2025-11-12/1761339552.json"
"485268","36127","2025-11-13","25.00","AUD","1761339552","101429/2025-11-13/1761339552.json"
"485268","36127","2025-11-14","25.00","AUD","1761339552","101429/2025-11-14/1761339552.json"
"485268","36127","2025-11-15","25.00","AUD","1761339552","101429/2025-11-15/1761339552.json"
"485268","36127","2025-11-17","25.00","AUD","1761339552","101429/2025-11-17/1761339552.json"
"485268","36127","2025-11-18","25.00","AUD","1761339552","101429/2025-11-18/1761339552.json"
"485268","36127","2025-11-16","25.00","AUD","1761339552","101429/2025-11-16/1761339552.json"
"485268","36127","2025-11-19","25.00","AUD","1761339552","101429/2025-11-19/1761339552.json"
"485268","36127","2025-11-20","25.00","AUD","1761339552","101429/2025-11-20/1761339552.json"
"485268","36127","2025-11-21","25.00","AUD","1761339552","101429/2025-11-21/1761339552.json"
"485268","36127","2025-11-22","25.00","AUD","1761339552","101429/2025-11-22/1761339552.json"
"485268","36127","2025-11-23","25.00","AUD","1761339552","101429/2025-11-23/1761339552.json"
"485268","36127","2025-11-24","25.00","AUD","1761339552","101429/2025-11-24/1761339552.json"
"485268","36127","2025-11-29","25.00","AUD","1761339552","101429/2025-11-29/1761339552.json"
"485268","36127","2025-11-30","25.00","AUD","1761339552","101429/2025-11-30/1761339552.json"
"485268","36127","2025-10-27","25.00","AUD","1761363674","101429/2025-10-27/1761363674.json"
"485268","36127","2025-10-28","25.00","AUD","1761363674","101429/2025-10-28/1761363674.json"
"485268","36127","2025-10-31","25.00","AUD","1761363674","101429/2025-10-31/1761363674.json"
"485268","36127","2025-10-29","25.00","AUD","1761363674","101429/2025-10-29/1761363674.json"
"485268","36127","2025-10-30","25.00","AUD","1761363674","101429/2025-10-30/1761363674.json"
"485268","36127","2025-11-01","25.00","AUD","1761363674","101429/2025-11-01/1761363674.json"
"485268","36127","2025-11-02","25.00","AUD","1761363674","101429/2025-11-02/1761363674.json"
"485268","36127","2025-11-03","25.00","AUD","1761363674","101429/2025-11-03/1761363674.json"
"485268","36127","2025-11-04","25.00","AUD","1761363674","101429/2025-11-04/1761363674.json"
"485268","36127","2025-11-05","25.00","AUD","1761363674","101429/2025-11-05/1761363674.json"
"485268","36127","2025-11-06","25.00","AUD","1761363674","101429/2025-11-06/1761363674.json"
"485268","36127","2025-11-11","25.00","AUD","1761363674","101429/2025-11-11/1761363674.json"
"485268","36127","2025-11-12","25.00","AUD","1761363674","101429/2025-11-12/1761363674.json"
"485268","36127","2025-11-13","25.00","AUD","1761363674","101429/2025-11-13/1761363674.json"
"485268","36127","2025-11-15","25.00","AUD","1761363674","101429/2025-11-15/1761363674.json"
"485268","36127","2025-11-16","25.00","AUD","1761363674","101429/2025-11-16/1761363674.json"
"485268","36127","2025-11-17","25.00","AUD","1761363674","101429/2025-11-17/1761363674.json"
"485268","36127","2025-11-14","25.00","AUD","1761363674","101429/2025-11-14/1761363674.json"
"485268","36127","2025-11-18","25.00","AUD","1761363674","101429/2025-11-18/1761363674.json"
"485268","36127","2025-11-19","25.00","AUD","1761363674","101429/2025-11-19/1761363674.json"
"485268","36127","2025-11-20","25.00","AUD","1761363674","101429/2025-11-20/1761363674.json"
"485268","36127","2025-11-21","25.00","AUD","1761363674","101429/2025-11-21/1761363674.json"
"485268","36127","2025-11-22","25.00","AUD","1761363674","101429/2025-11-22/1761363674.json"
"485268","36127","2025-11-23","25.00","AUD","1761363674","101429/2025-11-23/1761363674.json"
"485268","36127","2025-11-24","25.00","AUD","1761363674","101429/2025-11-24/1761363674.json"
"485268","36127","2025-11-29","25.00","AUD","1761363674","101429/2025-11-29/1761363674.json"
"485268","36127","2025-11-30","25.00","AUD","1761363674","101429/2025-11-30/1761363674.json"
"485268","36127","2025-10-27","25.00","AUD","1761368449","101429/2025-10-27/1761368449.json"
"485268","36127","2025-10-28","25.00","AUD","1761368449","101429/2025-10-28/1761368449.json"
"485268","36127","2025-10-29","25.00","AUD","1761368449","101429/2025-10-29/1761368449.json"
"485268","36127","2025-10-30","25.00","AUD","1761368449","101429/2025-10-30/1761368449.json"
"485268","36127","2025-10-31","25.00","AUD","1761368449","101429/2025-10-31/1761368449.json"
"485268","36127","2025-11-01","25.00","AUD","1761368449","101429/2025-11-01/1761368449.json"
"485268","36127","2025-11-02","25.00","AUD","1761368449","101429/2025-11-02/1761368449.json"
"485268","36127","2025-11-04","25.00","AUD","1761368449","101429/2025-11-04/1761368449.json"
"485268","36127","2025-11-03","25.00","AUD","1761368449","101429/2025-11-03/1761368449.json"
"485268","36127","2025-11-05","25.00","AUD","1761368449","101429/2025-11-05/1761368449.json"
"485268","36127","2025-11-06","25.00","AUD","1761368449","101429/2025-11-06/1761368449.json"
"485268","36127","2025-11-11","25.00","AUD","1761368449","101429/2025-11-11/1761368449.json"
"485268","36127","2025-11-12","25.00","AUD","1761368449","101429/2025-11-12/1761368449.json"
"485268","36127","2025-11-13","25.00","AUD","1761368449","101429/2025-11-13/1761368449.json"
"485268","36127","2025-11-15","25.00","AUD","1761368449","101429/2025-11-15/1761368449.json"
"485268","36127","2025-11-14","25.00","AUD","1761368449","101429/2025-11-14/1761368449.json"
"485268","36127","2025-11-16","25.00","AUD","1761368449","101429/2025-11-16/1761368449.json"
"485268","36127","2025-11-19","25.00","AUD","1761368449","101429/2025-11-19/1761368449.json"
"485268","36127","2025-11-20","25.00","AUD","1761368449","101429/2025-11-20/1761368449.json"
"485268","36127","2025-11-18","25.00","AUD","1761368449","101429/2025-11-18/1761368449.json"
"485268","36127","2025-11-17","25.00","AUD","1761368449","101429/2025-11-17/1761368449.json"
"485268","36127","2025-11-21","25.00","AUD","1761368449","101429/2025-11-21/1761368449.json"
"485268","36127","2025-11-23","25.00","AUD","1761368449","101429/2025-11-23/1761368449.json"
"485268","36127","2025-11-24","25.00","AUD","1761368449","101429/2025-11-24/1761368449.json"
"485268","36127","2025-11-22","25.00","AUD","1761368449","101429/2025-11-22/1761368449.json"
"485268","36127","2025-11-29","25.00","AUD","1761368449","101429/2025-11-29/1761368449.json"
"485268","36127","2025-11-30","25.00","AUD","1761368449","101429/2025-11-30/1761368449.json"
"485268","36127","2025-10-27","25.00","AUD","1761382932","101429/2025-10-27/1761382932.json"
"485268","36127","2025-10-28","25.00","AUD","1761382932","101429/2025-10-28/1761382932.json"
"485268","36127","2025-10-30","25.00","AUD","1761382932","101429/2025-10-30/1761382932.json"
"485268","36127","2025-10-31","25.00","AUD","1761382932","101429/2025-10-31/1761382932.json"
"485268","36127","2025-10-29","25.00","AUD","1761382932","101429/2025-10-29/1761382932.json"
"485268","36127","2025-11-01","25.00","AUD","1761382932","101429/2025-11-01/1761382932.json"
"485268","36127","2025-11-04","25.00","AUD","1761382932","101429/2025-11-04/1761382932.json"
"485268","36127","2025-11-05","25.00","AUD","1761382932","101429/2025-11-05/1761382932.json"
"485268","36127","2025-11-03","25.00","AUD","1761382932","101429/2025-11-03/1761382932.json"
"485268","36127","2025-11-02","25.00","AUD","1761382932","101429/2025-11-02/1761382932.json"
"485268","36127","2025-11-06","25.00","AUD","1761382932","101429/2025-11-06/1761382932.json"
"485268","36127","2025-11-11","25.00","AUD","1761382932","101429/2025-11-11/1761382932.json"
"485268","36127","2025-11-13","25.00","AUD","1761382932","101429/2025-11-13/1761382932.json"
"485268","36127","2025-11-12","25.00","AUD","1761382932","101429/2025-11-12/1761382932.json"
"485268","36127","2025-11-14","25.00","AUD","1761382932","101429/2025-11-14/1761382932.json"
"485268","36127","2025-11-15","25.00","AUD","1761382932","101429/2025-11-15/1761382932.json"
"485268","36127","2025-11-16","25.00","AUD","1761382932","101429/2025-11-16/1761382932.json"
"485268","36127","2025-11-18","25.00","AUD","1761382932","101429/2025-11-18/1761382932.json"
"485268","36127","2025-11-17","25.00","AUD","1761382932","101429/2025-11-17/1761382932.json"
"485268","36127","2025-11-19","25.00","AUD","1761382932","101429/2025-11-19/1761382932.json"
"485268","36127","2025-11-20","25.00","AUD","1761382932","101429/2025-11-20/1761382932.json"
"485268","36127","2025-11-22","25.00","AUD","1761382932","101429/2025-11-22/1761382932.json"
"485268","36127","2025-11-21","25.00","AUD","1761382932","101429/2025-11-21/1761382932.json"
"485268","36127","2025-11-23","25.00","AUD","1761382932","101429/2025-11-23/1761382932.json"
"485268","36127","2025-11-24","25.00","AUD","1761382932","101429/2025-11-24/1761382932.json"
"485268","36127","2025-11-29","25.00","AUD","1761382932","101429/2025-11-29/1761382932.json"
"485268","36127","2025-11-30","25.00","AUD","1761382932","101429/2025-11-30/1761382932.json"
"485268","36127","2025-10-27","25.00","AUD","1761398834","101429/2025-10-27/1761398834.json"
"485268","36127","2025-10-28","25.00","AUD","1761398834","101429/2025-10-28/1761398834.json"
"485268","36127","2025-10-29","25.00","AUD","1761398834","101429/2025-10-29/1761398834.json"
"485268","36127","2025-10-30","25.00","AUD","1761398834","101429/2025-10-30/1761398834.json"
"485268","36127","2025-10-31","25.00","AUD","1761398834","101429/2025-10-31/1761398834.json"
"485268","36127","2025-11-01","25.00","AUD","1761398834","101429/2025-11-01/1761398834.json"
"485268","36127","2025-11-02","25.00","AUD","1761398834","101429/2025-11-02/1761398834.json"
"485268","36127","2025-11-04","25.00","AUD","1761398834","101429/2025-11-04/1761398834.json"
"485268","36127","2025-11-03","25.00","AUD","1761398834","101429/2025-11-03/1761398834.json"
"485268","36127","2025-11-05","25.00","AUD","1761398834","101429/2025-11-05/1761398834.json"
"485268","36127","2025-11-06","25.00","AUD","1761398834","101429/2025-11-06/1761398834.json"
"485268","36127","2025-11-11","25.00","AUD","1761398834","101429/2025-11-11/1761398834.json"
"485268","36127","2025-11-12","25.00","AUD","1761398834","101429/2025-11-12/1761398834.json"
"485268","36127","2025-11-13","25.00","AUD","1761398834","101429/2025-11-13/1761398834.json"
"485268","36127","2025-11-14","25.00","AUD","1761398834","101429/2025-11-14/1761398834.json"
"485268","36127","2025-11-15","25.00","AUD","1761398834","101429/2025-11-15/1761398834.json"
"485268","36127","2025-11-17","25.00","AUD","1761398834","101429/2025-11-17/1761398834.json"
"485268","36127","2025-11-16","25.00","AUD","1761398834","101429/2025-11-16/1761398834.json"
"485268","36127","2025-11-18","25.00","AUD","1761398834","101429/2025-11-18/1761398834.json"
"485268","36127","2025-11-21","25.00","AUD","1761398834","101429/2025-11-21/1761398834.json"
"485268","36127","2025-11-20","25.00","AUD","1761398834","101429/2025-11-20/1761398834.json"
"485268","36127","2025-11-19","25.00","AUD","1761398834","101429/2025-11-19/1761398834.json"
"485268","36127","2025-11-22","25.00","AUD","1761398834","101429/2025-11-22/1761398834.json"
"485268","36127","2025-11-23","25.00","AUD","1761398834","101429/2025-11-23/1761398834.json"
"485268","36127","2025-11-24","25.00","AUD","1761398834","101429/2025-11-24/1761398834.json"
"485268","36127","2025-11-29","25.00","AUD","1761398834","101429/2025-11-29/1761398834.json"
"485268","36127","2025-11-30","25.00","AUD","1761398834","101429/2025-11-30/1761398834.json"
"485268","36127","2025-10-28","25.00","AUD","1761411861","101429/2025-10-28/1761411861.json"
"485268","36127","2025-10-27","25.00","AUD","1761411861","101429/2025-10-27/1761411861.json"
"485268","36127","2025-10-29","25.00","AUD","1761411861","101429/2025-10-29/1761411861.json"
"485268","36127","2025-10-30","25.00","AUD","1761411861","101429/2025-10-30/1761411861.json"
"485268","36127","2025-11-01","25.00","AUD","1761411861","101429/2025-11-01/1761411861.json"
"485268","36127","2025-10-31","25.00","AUD","1761411861","101429/2025-10-31/1761411861.json"
"485268","36127","2025-11-02","25.00","AUD","1761411861","101429/2025-11-02/1761411861.json"
"485268","36127","2025-11-03","25.00","AUD","1761411861","101429/2025-11-03/1761411861.json"
"485268","36127","2025-11-04","25.00","AUD","1761411861","101429/2025-11-04/1761411861.json"
"485268","36127","2025-11-05","25.00","AUD","1761411861","101429/2025-11-05/1761411861.json"
"485268","36127","2025-11-06","25.00","AUD","1761411861","101429/2025-11-06/1761411861.json"
"485268","36127","2025-11-11","25.00","AUD","1761411861","101429/2025-11-11/1761411861.json"
"485268","36127","2025-11-13","25.00","AUD","1761411861","101429/2025-11-13/1761411861.json"
"485268","36127","2025-11-12","25.00","AUD","1761411861","101429/2025-11-12/1761411861.json"
"485268","36127","2025-11-14","25.00","AUD","1761411861","101429/2025-11-14/1761411861.json"
"485268","36127","2025-11-15","25.00","AUD","1761411861","101429/2025-11-15/1761411861.json"
"485268","36127","2025-11-16","25.00","AUD","1761411861","101429/2025-11-16/1761411861.json"
"485268","36127","2025-11-17","25.00","AUD","1761411861","101429/2025-11-17/1761411861.json"
"485268","36127","2025-11-19","25.00","AUD","1761411861","101429/2025-11-19/1761411861.json"
"485268","36127","2025-11-18","25.00","AUD","1761411861","101429/2025-11-18/1761411861.json"
"485268","36127","2025-11-21","25.00","AUD","1761411861","101429/2025-11-21/1761411861.json"
"485268","36127","2025-11-20","25.00","AUD","1761411861","101429/2025-11-20/1761411861.json"
"485268","36127","2025-11-22","25.00","AUD","1761411861","101429/2025-11-22/1761411861.json"
"485268","36127","2025-11-23","25.00","AUD","1761411861","101429/2025-11-23/1761411861.json"
"485268","36127","2025-11-24","25.00","AUD","1761411861","101429/2025-11-24/1761411861.json"
"485268","36127","2025-11-29","25.00","AUD","1761411861","101429/2025-11-29/1761411861.json"
"485268","36127","2025-11-30","25.00","AUD","1761411861","101429/2025-11-30/1761411861.json"
"485268","36127","2025-10-28","25.00","AUD","1761425933","101429/2025-10-28/1761425933.json"
"485268","36127","2025-10-27","25.00","AUD","1761425933","101429/2025-10-27/1761425933.json"
"485268","36127","2025-10-29","25.00","AUD","1761425933","101429/2025-10-29/1761425933.json"
"485268","36127","2025-10-31","25.00","AUD","1761425933","101429/2025-10-31/1761425933.json"
"485268","36127","2025-10-30","25.00","AUD","1761425933","101429/2025-10-30/1761425933.json"
"485268","36127","2025-11-01","25.00","AUD","1761425933","101429/2025-11-01/1761425933.json"
"485268","36127","2025-11-02","25.00","AUD","1761425933","101429/2025-11-02/1761425933.json"
"485268","36127","2025-11-03","25.00","AUD","1761425933","101429/2025-11-03/1761425933.json"
"485268","36127","2025-11-04","25.00","AUD","1761425933","101429/2025-11-04/1761425933.json"
"485268","36127","2025-11-05","25.00","AUD","1761425933","101429/2025-11-05/1761425933.json"
"485268","36127","2025-11-06","25.00","AUD","1761425933","101429/2025-11-06/1761425933.json"
"485268","36127","2025-11-11","25.00","AUD","1761425933","101429/2025-11-11/1761425933.json"
"485268","36127","2025-11-12","25.00","AUD","1761425933","101429/2025-11-12/1761425933.json"
"485268","36127","2025-11-14","25.00","AUD","1761425933","101429/2025-11-14/1761425933.json"
"485268","36127","2025-11-13","25.00","AUD","1761425933","101429/2025-11-13/1761425933.json"
"485268","36127","2025-11-15","25.00","AUD","1761425933","101429/2025-11-15/1761425933.json"
"485268","36127","2025-11-17","25.00","AUD","1761425933","101429/2025-11-17/1761425933.json"
"485268","36127","2025-11-18","25.00","AUD","1761425933","101429/2025-11-18/1761425933.json"
"485268","36127","2025-11-16","25.00","AUD","1761425933","101429/2025-11-16/1761425933.json"
"485268","36127","2025-11-19","25.00","AUD","1761425933","101429/2025-11-19/1761425933.json"
"485268","36127","2025-11-20","25.00","AUD","1761425933","101429/2025-11-20/1761425933.json"
"485268","36127","2025-11-22","25.00","AUD","1761425933","101429/2025-11-22/1761425933.json"
"485268","36127","2025-11-23","25.00","AUD","1761425933","101429/2025-11-23/1761425933.json"
"485268","36127","2025-11-21","25.00","AUD","1761425933","101429/2025-11-21/1761425933.json"
"485268","36127","2025-11-24","25.00","AUD","1761425933","101429/2025-11-24/1761425933.json"
"485268","36127","2025-11-29","25.00","AUD","1761425933","101429/2025-11-29/1761425933.json"
"485268","36127","2025-11-30","25.00","AUD","1761425933","101429/2025-11-30/1761425933.json"
"485268","36127","2025-10-29","25.00","AUD","1761450827","101429/2025-10-29/1761450827.json"
"485268","36127","2025-10-28","25.00","AUD","1761450827","101429/2025-10-28/1761450827.json"
"485268","36127","2025-10-27","25.00","AUD","1761450827","101429/2025-10-27/1761450827.json"
"485268","36127","2025-10-31","25.00","AUD","1761450827","101429/2025-10-31/1761450827.json"
"485268","36127","2025-11-02","25.00","AUD","1761450827","101429/2025-11-02/1761450827.json"
"485268","36127","2025-10-30","25.00","AUD","1761450827","101429/2025-10-30/1761450827.json"
"485268","36127","2025-11-01","25.00","AUD","1761450827","101429/2025-11-01/1761450827.json"
"485268","36127","2025-11-05","25.00","AUD","1761450827","101429/2025-11-05/1761450827.json"
"485268","36127","2025-11-04","25.00","AUD","1761450827","101429/2025-11-04/1761450827.json"
"485268","36127","2025-11-03","25.00","AUD","1761450827","101429/2025-11-03/1761450827.json"
"485268","36127","2025-11-06","25.00","AUD","1761450827","101429/2025-11-06/1761450827.json"
"485268","36127","2025-11-11","25.00","AUD","1761450827","101429/2025-11-11/1761450827.json"
"485268","36127","2025-11-13","25.00","AUD","1761450827","101429/2025-11-13/1761450827.json"
"485268","36127","2025-11-14","25.00","AUD","1761450827","101429/2025-11-14/1761450827.json"
"485268","36127","2025-11-15","25.00","AUD","1761450827","101429/2025-11-15/1761450827.json"
"485268","36127","2025-11-16","25.00","AUD","1761450827","101429/2025-11-16/1761450827.json"
"485268","36127","2025-11-12","25.00","AUD","1761450827","101429/2025-11-12/1761450827.json"
"485268","36127","2025-11-17","25.00","AUD","1761450827","101429/2025-11-17/1761450827.json"
"485268","36127","2025-11-18","25.00","AUD","1761450827","101429/2025-11-18/1761450827.json"
"485268","36127","2025-11-19","25.00","AUD","1761450827","101429/2025-11-19/1761450827.json"
"485268","36127","2025-11-20","25.00","AUD","1761450827","101429/2025-11-20/1761450827.json"
"485268","36127","2025-11-21","25.00","AUD","1761450827","101429/2025-11-21/1761450827.json"
"485268","36127","2025-11-22","25.00","AUD","1761450827","101429/2025-11-22/1761450827.json"
"485268","36127","2025-11-24","25.00","AUD","1761450827","101429/2025-11-24/1761450827.json"
"485268","36127","2025-11-23","25.00","AUD","1761450827","101429/2025-11-23/1761450827.json"
"485268","36127","2025-11-29","25.00","AUD","1761450827","101429/2025-11-29/1761450827.json"
"485268","36127","2025-11-30","25.00","AUD","1761450827","101429/2025-11-30/1761450827.json"
"485268","36127","2025-10-28","25.00","AUD","1761454882","101429/2025-10-28/1761454882.json"
"485268","36127","2025-10-29","25.00","AUD","1761454882","101429/2025-10-29/1761454882.json"
"485268","36127","2025-10-27","25.00","AUD","1761454882","101429/2025-10-27/1761454882.json"
"485268","36127","2025-11-01","25.00","AUD","1761454882","101429/2025-11-01/1761454882.json"
"485268","36127","2025-10-31","25.00","AUD","1761454882","101429/2025-10-31/1761454882.json"
"485268","36127","2025-11-02","25.00","AUD","1761454882","101429/2025-11-02/1761454882.json"
"485268","36127","2025-10-30","25.00","AUD","1761454882","101429/2025-10-30/1761454882.json"
"485268","36127","2025-11-06","25.00","AUD","1761454882","101429/2025-11-06/1761454882.json"
"485268","36127","2025-11-03","25.00","AUD","1761454882","101429/2025-11-03/1761454882.json"
"485268","36127","2025-11-04","25.00","AUD","1761454882","101429/2025-11-04/1761454882.json"
"485268","36127","2025-11-05","25.00","AUD","1761454882","101429/2025-11-05/1761454882.json"
"485268","36127","2025-11-11","25.00","AUD","1761454882","101429/2025-11-11/1761454882.json"
"485268","36127","2025-11-12","25.00","AUD","1761454882","101429/2025-11-12/1761454882.json"
"485268","36127","2025-11-13","25.00","AUD","1761454882","101429/2025-11-13/1761454882.json"
"485268","36127","2025-11-14","25.00","AUD","1761454882","101429/2025-11-14/1761454882.json"
"485268","36127","2025-11-16","25.00","AUD","1761454882","101429/2025-11-16/1761454882.json"
"485268","36127","2025-11-15","25.00","AUD","1761454882","101429/2025-11-15/1761454882.json"
"485268","36127","2025-11-17","25.00","AUD","1761454882","101429/2025-11-17/1761454882.json"
"485268","36127","2025-11-18","25.00","AUD","1761454882","101429/2025-11-18/1761454882.json"
"485268","36127","2025-11-19","25.00","AUD","1761454882","101429/2025-11-19/1761454882.json"
"485268","36127","2025-11-20","25.00","AUD","1761454882","101429/2025-11-20/1761454882.json"
"485268","36127","2025-11-21","25.00","AUD","1761454882","101429/2025-11-21/1761454882.json"
"485268","36127","2025-11-22","25.00","AUD","1761454882","101429/2025-11-22/1761454882.json"
"485268","36127","2025-11-23","25.00","AUD","1761454882","101429/2025-11-23/1761454882.json"
"485268","36127","2025-11-24","25.00","AUD","1761454882","101429/2025-11-24/1761454882.json"
"485268","36127","2025-11-29","25.00","AUD","1761454882","101429/2025-11-29/1761454882.json"
"485268","36127","2025-11-30","25.00","AUD","1761454882","101429/2025-11-30/1761454882.json"
"485268","36127","2025-10-27","25.00","AUD","1761469249","101429/2025-10-27/1761469249.json"
"485268","36127","2025-10-28","25.00","AUD","1761469249","101429/2025-10-28/1761469249.json"
"485268","36127","2025-10-29","25.00","AUD","1761469249","101429/2025-10-29/1761469249.json"
"485268","36127","2025-10-31","25.00","AUD","1761469249","101429/2025-10-31/1761469249.json"
"485268","36127","2025-11-02","25.00","AUD","1761469249","101429/2025-11-02/1761469249.json"
"485268","36127","2025-11-01","25.00","AUD","1761469249","101429/2025-11-01/1761469249.json"
"485268","36127","2025-10-30","25.00","AUD","1761469249","101429/2025-10-30/1761469249.json"
"485268","36127","2025-11-03","25.00","AUD","1761469249","101429/2025-11-03/1761469249.json"
"485268","36127","2025-11-04","25.00","AUD","1761469249","101429/2025-11-04/1761469249.json"
"485268","36127","2025-11-06","25.00","AUD","1761469249","101429/2025-11-06/1761469249.json"
"485268","36127","2025-11-05","25.00","AUD","1761469249","101429/2025-11-05/1761469249.json"
"485268","36127","2025-11-11","25.00","AUD","1761469249","101429/2025-11-11/1761469249.json"
"485268","36127","2025-11-12","25.00","AUD","1761469249","101429/2025-11-12/1761469249.json"
"485268","36127","2025-11-13","25.00","AUD","1761469249","101429/2025-11-13/1761469249.json"
"485268","36127","2025-11-14","25.00","AUD","1761469249","101429/2025-11-14/1761469249.json"
"485268","36127","2025-11-16","25.00","AUD","1761469249","101429/2025-11-16/1761469249.json"
"485268","36127","2025-11-15","25.00","AUD","1761469249","101429/2025-11-15/1761469249.json"
"485268","36127","2025-11-18","25.00","AUD","1761469249","101429/2025-11-18/1761469249.json"
"485268","36127","2025-11-19","25.00","AUD","1761469249","101429/2025-11-19/1761469249.json"
"485268","36127","2025-11-20","25.00","AUD","1761469249","101429/2025-11-20/1761469249.json"
"485268","36127","2025-11-17","25.00","AUD","1761469249","101429/2025-11-17/1761469249.json"
"485268","36127","2025-11-21","25.00","AUD","1761469249","101429/2025-11-21/1761469249.json"
"485268","36127","2025-11-23","25.00","AUD","1761469249","101429/2025-11-23/1761469249.json"
"485268","36127","2025-11-22","25.00","AUD","1761469249","101429/2025-11-22/1761469249.json"
"485268","36127","2025-11-24","25.00","AUD","1761469249","101429/2025-11-24/1761469249.json"
"485268","36127","2025-11-29","25.00","AUD","1761469249","101429/2025-11-29/1761469249.json"
"485268","36127","2025-11-30","25.00","AUD","1761469249","101429/2025-11-30/1761469249.json"
"485268","36127","2025-10-29","25.00","AUD","1761485363","101429/2025-10-29/1761485363.json"
"485268","36127","2025-10-28","25.00","AUD","1761485363","101429/2025-10-28/1761485363.json"
"485268","36127","2025-10-27","25.00","AUD","1761485363","101429/2025-10-27/1761485363.json"
"485268","36127","2025-10-30","25.00","AUD","1761485363","101429/2025-10-30/1761485363.json"
"485268","36127","2025-10-31","25.00","AUD","1761485363","101429/2025-10-31/1761485363.json"
"485268","36127","2025-11-02","25.00","AUD","1761485363","101429/2025-11-02/1761485363.json"
"485268","36127","2025-11-01","25.00","AUD","1761485363","101429/2025-11-01/1761485363.json"
"485268","36127","2025-11-03","25.00","AUD","1761485363","101429/2025-11-03/1761485363.json"
"485268","36127","2025-11-04","25.00","AUD","1761485363","101429/2025-11-04/1761485363.json"
"485268","36127","2025-11-06","25.00","AUD","1761485363","101429/2025-11-06/1761485363.json"
"485268","36127","2025-11-05","25.00","AUD","1761485363","101429/2025-11-05/1761485363.json"
"485268","36127","2025-11-11","25.00","AUD","1761485363","101429/2025-11-11/1761485363.json"
"485268","36127","2025-11-12","25.00","AUD","1761485363","101429/2025-11-12/1761485363.json"
"485268","36127","2025-11-13","25.00","AUD","1761485363","101429/2025-11-13/1761485363.json"
"485268","36127","2025-11-16","25.00","AUD","1761485363","101429/2025-11-16/1761485363.json"
"485268","36127","2025-11-15","25.00","AUD","1761485363","101429/2025-11-15/1761485363.json"
"485268","36127","2025-11-14","25.00","AUD","1761485363","101429/2025-11-14/1761485363.json"
"485268","36127","2025-11-17","25.00","AUD","1761485363","101429/2025-11-17/1761485363.json"
"485268","36127","2025-11-18","25.00","AUD","1761485363","101429/2025-11-18/1761485363.json"
"485268","36127","2025-11-19","25.00","AUD","1761485363","101429/2025-11-19/1761485363.json"
"485268","36127","2025-11-20","25.00","AUD","1761485363","101429/2025-11-20/1761485363.json"
"485268","36127","2025-11-21","25.00","AUD","1761485363","101429/2025-11-21/1761485363.json"
"485268","36127","2025-11-22","25.00","AUD","1761485363","101429/2025-11-22/1761485363.json"
"485268","36127","2025-11-24","25.00","AUD","1761485363","101429/2025-11-24/1761485363.json"
"485268","36127","2025-11-23","25.00","AUD","1761485363","101429/2025-11-23/1761485363.json"
"485268","36127","2025-11-30","25.00","AUD","1761485363","101429/2025-11-30/1761485363.json"
"485268","36127","2025-11-29","25.00","AUD","1761485363","101429/2025-11-29/1761485363.json"
"485268","36127","2025-10-27","25.00","AUD","1761498450","101429/2025-10-27/1761498450.json"
"485268","36127","2025-10-28","25.00","AUD","1761498450","101429/2025-10-28/1761498450.json"
"485268","36127","2025-10-29","25.00","AUD","1761498450","101429/2025-10-29/1761498450.json"
"485268","36127","2025-10-30","25.00","AUD","1761498450","101429/2025-10-30/1761498450.json"
"485268","36127","2025-11-01","25.00","AUD","1761498450","101429/2025-11-01/1761498450.json"
"485268","36127","2025-10-31","25.00","AUD","1761498450","101429/2025-10-31/1761498450.json"
"485268","36127","2025-11-02","25.00","AUD","1761498450","101429/2025-11-02/1761498450.json"
"485268","36127","2025-11-03","25.00","AUD","1761498450","101429/2025-11-03/1761498450.json"
"485268","36127","2025-11-05","25.00","AUD","1761498450","101429/2025-11-05/1761498450.json"
"485268","36127","2025-11-04","25.00","AUD","1761498450","101429/2025-11-04/1761498450.json"
"485268","36127","2025-11-11","25.00","AUD","1761498450","101429/2025-11-11/1761498450.json"
"485268","36127","2025-11-12","25.00","AUD","1761498450","101429/2025-11-12/1761498450.json"
"485268","36127","2025-11-06","25.00","AUD","1761498450","101429/2025-11-06/1761498450.json"
"485268","36127","2025-11-13","25.00","AUD","1761498450","101429/2025-11-13/1761498450.json"
"485268","36127","2025-11-14","25.00","AUD","1761498450","101429/2025-11-14/1761498450.json"
"485268","36127","2025-11-15","25.00","AUD","1761498450","101429/2025-11-15/1761498450.json"
"485268","36127","2025-11-16","25.00","AUD","1761498450","101429/2025-11-16/1761498450.json"
"485268","36127","2025-11-17","25.00","AUD","1761498450","101429/2025-11-17/1761498450.json"
"485268","36127","2025-11-19","25.00","AUD","1761498450","101429/2025-11-19/1761498450.json"
"485268","36127","2025-11-20","25.00","AUD","1761498450","101429/2025-11-20/1761498450.json"
"485268","36127","2025-11-18","25.00","AUD","1761498450","101429/2025-11-18/1761498450.json"
"485268","36127","2025-11-21","25.00","AUD","1761498450","101429/2025-11-21/1761498450.json"
"485268","36127","2025-11-22","25.00","AUD","1761498450","101429/2025-11-22/1761498450.json"
"485268","36127","2025-11-23","25.00","AUD","1761498450","101429/2025-11-23/1761498450.json"
"485268","36127","2025-11-24","25.00","AUD","1761498450","101429/2025-11-24/1761498450.json"
"485268","36127","2025-11-29","25.00","AUD","1761498450","101429/2025-11-29/1761498450.json"
"485268","36127","2025-11-30","25.00","AUD","1761498450","101429/2025-11-30/1761498450.json"
"485268","36127","2025-10-27","25.00","AUD","1761512412","101429/2025-10-27/1761512412.json"
"485268","36127","2025-10-29","25.00","AUD","1761512412","101429/2025-10-29/1761512412.json"
"485268","36127","2025-10-28","25.00","AUD","1761512412","101429/2025-10-28/1761512412.json"
"485268","36127","2025-10-30","25.00","AUD","1761512412","101429/2025-10-30/1761512412.json"
"485268","36127","2025-11-02","25.00","AUD","1761512412","101429/2025-11-02/1761512412.json"
"485268","36127","2025-11-01","25.00","AUD","1761512412","101429/2025-11-01/1761512412.json"
"485268","36127","2025-10-31","25.00","AUD","1761512412","101429/2025-10-31/1761512412.json"
"485268","36127","2025-11-03","25.00","AUD","1761512412","101429/2025-11-03/1761512412.json"
"485268","36127","2025-11-06","25.00","AUD","1761512412","101429/2025-11-06/1761512412.json"
"485268","36127","2025-11-04","25.00","AUD","1761512412","101429/2025-11-04/1761512412.json"
"485268","36127","2025-11-05","25.00","AUD","1761512412","101429/2025-11-05/1761512412.json"
"485268","36127","2025-11-11","25.00","AUD","1761512412","101429/2025-11-11/1761512412.json"
"485268","36127","2025-11-12","25.00","AUD","1761512412","101429/2025-11-12/1761512412.json"
"485268","36127","2025-11-14","25.00","AUD","1761512412","101429/2025-11-14/1761512412.json"
"485268","36127","2025-11-15","25.00","AUD","1761512412","101429/2025-11-15/1761512412.json"
"485268","36127","2025-11-13","25.00","AUD","1761512412","101429/2025-11-13/1761512412.json"
"485268","36127","2025-11-17","25.00","AUD","1761512412","101429/2025-11-17/1761512412.json"
"485268","36127","2025-11-16","25.00","AUD","1761512412","101429/2025-11-16/1761512412.json"
"485268","36127","2025-11-19","25.00","AUD","1761512412","101429/2025-11-19/1761512412.json"
"485268","36127","2025-11-18","25.00","AUD","1761512412","101429/2025-11-18/1761512412.json"
"485268","36127","2025-11-21","25.00","AUD","1761512412","101429/2025-11-21/1761512412.json"
"485268","36127","2025-11-20","25.00","AUD","1761512412","101429/2025-11-20/1761512412.json"
"485268","36127","2025-11-23","25.00","AUD","1761512412","101429/2025-11-23/1761512412.json"
"485268","36127","2025-11-24","25.00","AUD","1761512412","101429/2025-11-24/1761512412.json"
"485268","36127","2025-11-22","25.00","AUD","1761512412","101429/2025-11-22/1761512412.json"
"485268","36127","2025-11-29","25.00","AUD","1761512412","101429/2025-11-29/1761512412.json"
"485268","36127","2025-11-30","25.00","AUD","1761512412","101429/2025-11-30/1761512412.json"
"485268","36127","2025-10-28","25.00","AUD","1761537936","101429/2025-10-28/1761537936.json"
"485268","36127","2025-10-30","25.00","AUD","1761537936","101429/2025-10-30/1761537936.json"
"485268","36127","2025-10-27","25.00","AUD","1761537936","101429/2025-10-27/1761537936.json"
"485268","36127","2025-10-29","25.00","AUD","1761537936","101429/2025-10-29/1761537936.json"
"485268","36127","2025-11-03","25.00","AUD","1761537936","101429/2025-11-03/1761537936.json"
"485268","36127","2025-11-01","25.00","AUD","1761537936","101429/2025-11-01/1761537936.json"
"485268","36127","2025-10-31","25.00","AUD","1761537936","101429/2025-10-31/1761537936.json"
"485268","36127","2025-11-04","25.00","AUD","1761537936","101429/2025-11-04/1761537936.json"
"485268","36127","2025-11-02","25.00","AUD","1761537936","101429/2025-11-02/1761537936.json"
"485268","36127","2025-11-06","25.00","AUD","1761537936","101429/2025-11-06/1761537936.json"
"485268","36127","2025-11-05","25.00","AUD","1761537936","101429/2025-11-05/1761537936.json"
"485268","36127","2025-11-11","25.00","AUD","1761537936","101429/2025-11-11/1761537936.json"
"485268","36127","2025-11-12","25.00","AUD","1761537936","101429/2025-11-12/1761537936.json"
"485268","36127","2025-11-13","25.00","AUD","1761537936","101429/2025-11-13/1761537936.json"
"485268","36127","2025-11-14","25.00","AUD","1761537936","101429/2025-11-14/1761537936.json"
"485268","36127","2025-11-15","25.00","AUD","1761537936","101429/2025-11-15/1761537936.json"
"485268","36127","2025-11-16","25.00","AUD","1761537936","101429/2025-11-16/1761537936.json"
"485268","36127","2025-11-19","25.00","AUD","1761537936","101429/2025-11-19/1761537936.json"
"485268","36127","2025-11-20","25.00","AUD","1761537936","101429/2025-11-20/1761537936.json"
"485268","36127","2025-11-17","25.00","AUD","1761537936","101429/2025-11-17/1761537936.json"
"485268","36127","2025-11-18","25.00","AUD","1761537936","101429/2025-11-18/1761537936.json"
"485268","36127","2025-11-21","25.00","AUD","1761537936","101429/2025-11-21/1761537936.json"
"485268","36127","2025-11-22","25.00","AUD","1761537936","101429/2025-11-22/1761537936.json"
"485268","36127","2025-11-23","25.00","AUD","1761537936","101429/2025-11-23/1761537936.json"
"485268","36127","2025-11-24","25.00","AUD","1761537936","101429/2025-11-24/1761537936.json"
"485268","36127","2025-11-29","25.00","AUD","1761537936","101429/2025-11-29/1761537936.json"
"485268","36127","2025-11-30","25.00","AUD","1761537936","101429/2025-11-30/1761537936.json"
"485268","36127","2025-10-27","25.00","AUD","1761542114","101429/2025-10-27/1761542114.json"
"485268","36127","2025-10-28","25.00","AUD","1761542114","101429/2025-10-28/1761542114.json"
"485268","36127","2025-10-29","25.00","AUD","1761542114","101429/2025-10-29/1761542114.json"
"485268","36127","2025-10-30","25.00","AUD","1761542114","101429/2025-10-30/1761542114.json"
"485268","36127","2025-10-31","25.00","AUD","1761542114","101429/2025-10-31/1761542114.json"
"485268","36127","2025-11-01","25.00","AUD","1761542114","101429/2025-11-01/1761542114.json"
"485268","36127","2025-11-02","25.00","AUD","1761542114","101429/2025-11-02/1761542114.json"
"485268","36127","2025-11-03","25.00","AUD","1761542114","101429/2025-11-03/1761542114.json"
"485268","36127","2025-11-04","25.00","AUD","1761542114","101429/2025-11-04/1761542114.json"
"485268","36127","2025-11-06","25.00","AUD","1761542114","101429/2025-11-06/1761542114.json"
"485268","36127","2025-11-05","25.00","AUD","1761542114","101429/2025-11-05/1761542114.json"
"485268","36127","2025-11-11","25.00","AUD","1761542114","101429/2025-11-11/1761542114.json"
"485268","36127","2025-11-12","25.00","AUD","1761542114","101429/2025-11-12/1761542114.json"
"485268","36127","2025-11-13","25.00","AUD","1761542114","101429/2025-11-13/1761542114.json"
"485268","36127","2025-11-15","25.00","AUD","1761542114","101429/2025-11-15/1761542114.json"
"485268","36127","2025-11-14","25.00","AUD","1761542114","101429/2025-11-14/1761542114.json"
"485268","36127","2025-11-16","25.00","AUD","1761542114","101429/2025-11-16/1761542114.json"
"485268","36127","2025-11-17","25.00","AUD","1761542114","101429/2025-11-17/1761542114.json"
"485268","36127","2025-11-18","25.00","AUD","1761542114","101429/2025-11-18/1761542114.json"
"485268","36127","2025-11-20","25.00","AUD","1761542114","101429/2025-11-20/1761542114.json"
"485268","36127","2025-11-21","25.00","AUD","1761542114","101429/2025-11-21/1761542114.json"
"485268","36127","2025-11-19","25.00","AUD","1761542114","101429/2025-11-19/1761542114.json"
"485268","36127","2025-11-24","25.00","AUD","1761542114","101429/2025-11-24/1761542114.json"
"485268","36127","2025-11-22","25.00","AUD","1761542114","101429/2025-11-22/1761542114.json"
"485268","36127","2025-11-30","25.00","AUD","1761542114","101429/2025-11-30/1761542114.json"
"485268","36127","2025-11-29","25.00","AUD","1761542114","101429/2025-11-29/1761542114.json"
"485268","36127","2025-11-23","25.00","AUD","1761542114","101429/2025-11-23/1761542114.json"
"485268","36127","2025-10-29","25.00","AUD","1761556476","101429/2025-10-29/1761556476.json"
"485268","36127","2025-10-28","25.00","AUD","1761556476","101429/2025-10-28/1761556476.json"
"485268","36127","2025-10-30","25.00","AUD","1761556476","101429/2025-10-30/1761556476.json"
"485268","36127","2025-11-03","25.00","AUD","1761556476","101429/2025-11-03/1761556476.json"
"485268","36127","2025-11-02","25.00","AUD","1761556476","101429/2025-11-02/1761556476.json"
"485268","36127","2025-10-31","25.00","AUD","1761556476","101429/2025-10-31/1761556476.json"
"485268","36127","2025-11-01","25.00","AUD","1761556476","101429/2025-11-01/1761556476.json"
"485268","36127","2025-11-04","25.00","AUD","1761556476","101429/2025-11-04/1761556476.json"
"485268","36127","2025-11-05","25.00","AUD","1761556476","101429/2025-11-05/1761556476.json"
"485268","36127","2025-11-06","25.00","AUD","1761556476","101429/2025-11-06/1761556476.json"
"485268","36127","2025-11-11","25.00","AUD","1761556476","101429/2025-11-11/1761556476.json"
"485268","36127","2025-11-12","25.00","AUD","1761556476","101429/2025-11-12/1761556476.json"
"485268","36127","2025-11-15","25.00","AUD","1761556476","101429/2025-11-15/1761556476.json"
"485268","36127","2025-11-14","25.00","AUD","1761556476","101429/2025-11-14/1761556476.json"
"485268","36127","2025-11-13","25.00","AUD","1761556476","101429/2025-11-13/1761556476.json"
"485268","36127","2025-11-16","25.00","AUD","1761556476","101429/2025-11-16/1761556476.json"
"485268","36127","2025-11-17","25.00","AUD","1761556476","101429/2025-11-17/1761556476.json"
"485268","36127","2025-11-18","25.00","AUD","1761556476","101429/2025-11-18/1761556476.json"
"485268","36127","2025-11-19","25.00","AUD","1761556476","101429/2025-11-19/1761556476.json"
"485268","36127","2025-11-20","25.00","AUD","1761556476","101429/2025-11-20/1761556476.json"
"485268","36127","2025-11-21","25.00","AUD","1761556476","101429/2025-11-21/1761556476.json"
"485268","36127","2025-11-23","25.00","AUD","1761556476","101429/2025-11-23/1761556476.json"
"485268","36127","2025-11-24","25.00","AUD","1761556476","101429/2025-11-24/1761556476.json"
"485268","36127","2025-11-29","25.00","AUD","1761556476","101429/2025-11-29/1761556476.json"
"485268","36127","2025-11-30","25.00","AUD","1761556476","101429/2025-11-30/1761556476.json"
"485268","36127","2025-11-22","25.00","AUD","1761556476","101429/2025-11-22/1761556476.json"
"485268","36127","2025-10-29","25.00","AUD","1761574103","101429/2025-10-29/1761574103.json"
"485268","36127","2025-10-30","25.00","AUD","1761574103","101429/2025-10-30/1761574103.json"
"485268","36127","2025-10-31","25.00","AUD","1761574103","101429/2025-10-31/1761574103.json"
"485268","36127","2025-10-28","25.00","AUD","1761574103","101429/2025-10-28/1761574103.json"
"485268","36127","2025-11-02","25.00","AUD","1761574103","101429/2025-11-02/1761574103.json"
"485268","36127","2025-11-01","25.00","AUD","1761574103","101429/2025-11-01/1761574103.json"
"485268","36127","2025-11-03","25.00","AUD","1761574103","101429/2025-11-03/1761574103.json"
"485268","36127","2025-11-04","25.00","AUD","1761574103","101429/2025-11-04/1761574103.json"
"485268","36127","2025-11-06","25.00","AUD","1761574103","101429/2025-11-06/1761574103.json"
"485268","36127","2025-11-05","25.00","AUD","1761574103","101429/2025-11-05/1761574103.json"
"485268","36127","2025-11-11","25.00","AUD","1761574103","101429/2025-11-11/1761574103.json"
"485268","36127","2025-11-13","25.00","AUD","1761574103","101429/2025-11-13/1761574103.json"
"485268","36127","2025-11-12","25.00","AUD","1761574103","101429/2025-11-12/1761574103.json"
"485268","36127","2025-11-14","25.00","AUD","1761574103","101429/2025-11-14/1761574103.json"
"485268","36127","2025-11-15","25.00","AUD","1761574103","101429/2025-11-15/1761574103.json"
"485268","36127","2025-11-16","25.00","AUD","1761574103","101429/2025-11-16/1761574103.json"
"485268","36127","2025-11-18","25.00","AUD","1761574103","101429/2025-11-18/1761574103.json"
"485268","36127","2025-11-17","25.00","AUD","1761574103","101429/2025-11-17/1761574103.json"
"485268","36127","2025-11-19","25.00","AUD","1761574103","101429/2025-11-19/1761574103.json"
"485268","36127","2025-11-20","25.00","AUD","1761574103","101429/2025-11-20/1761574103.json"
"485268","36127","2025-11-23","25.00","AUD","1761574103","101429/2025-11-23/1761574103.json"
"485268","36127","2025-11-21","25.00","AUD","1761574103","101429/2025-11-21/1761574103.json"
"485268","36127","2025-11-22","25.00","AUD","1761574103","101429/2025-11-22/1761574103.json"
"485268","36127","2025-11-24","25.00","AUD","1761574103","101429/2025-11-24/1761574103.json"
"485268","36127","2025-11-29","25.00","AUD","1761574103","101429/2025-11-29/1761574103.json"
"485268","36127","2025-11-30","25.00","AUD","1761574103","101429/2025-11-30/1761574103.json"
"485268","36127","2025-10-28","25.00","AUD","1761585412","101429/2025-10-28/1761585412.json"
"485268","36127","2025-10-30","25.00","AUD","1761585412","101429/2025-10-30/1761585412.json"
"485268","36127","2025-10-29","25.00","AUD","1761585412","101429/2025-10-29/1761585412.json"
"485268","36127","2025-10-31","25.00","AUD","1761585412","101429/2025-10-31/1761585412.json"
"485268","36127","2025-11-01","25.00","AUD","1761585412","101429/2025-11-01/1761585412.json"
"485268","36127","2025-11-02","25.00","AUD","1761585412","101429/2025-11-02/1761585412.json"
"485268","36127","2025-11-03","25.00","AUD","1761585412","101429/2025-11-03/1761585412.json"
"485268","36127","2025-11-05","25.00","AUD","1761585412","101429/2025-11-05/1761585412.json"
"485268","36127","2025-11-04","25.00","AUD","1761585412","101429/2025-11-04/1761585412.json"
"485268","36127","2025-11-06","25.00","AUD","1761585412","101429/2025-11-06/1761585412.json"
"485268","36127","2025-11-11","25.00","AUD","1761585412","101429/2025-11-11/1761585412.json"
"485268","36127","2025-11-13","25.00","AUD","1761585412","101429/2025-11-13/1761585412.json"
"485268","36127","2025-11-14","25.00","AUD","1761585412","101429/2025-11-14/1761585412.json"
"485268","36127","2025-11-15","25.00","AUD","1761585412","101429/2025-11-15/1761585412.json"
"485268","36127","2025-11-17","25.00","AUD","1761585412","101429/2025-11-17/1761585412.json"
"485268","36127","2025-11-16","25.00","AUD","1761585412","101429/2025-11-16/1761585412.json"
"485268","36127","2025-11-18","25.00","AUD","1761585412","101429/2025-11-18/1761585412.json"
"485268","36127","2025-11-19","25.00","AUD","1761585412","101429/2025-11-19/1761585412.json"
"485268","36127","2025-11-20","25.00","AUD","1761585412","101429/2025-11-20/1761585412.json"
"485268","36127","2025-11-21","25.00","AUD","1761585412","101429/2025-11-21/1761585412.json"
"485268","36127","2025-11-12","25.00","AUD","1761585412","101429/2025-11-12/1761585412.json"
"485268","36127","2025-11-22","25.00","AUD","1761585412","101429/2025-11-22/1761585412.json"
"485268","36127","2025-11-23","25.00","AUD","1761585412","101429/2025-11-23/1761585412.json"
"485268","36127","2025-11-24","25.00","AUD","1761585412","101429/2025-11-24/1761585412.json"
"485268","36127","2025-11-29","25.00","AUD","1761585412","101429/2025-11-29/1761585412.json"
"485268","36127","2025-11-30","25.00","AUD","1761585412","101429/2025-11-30/1761585412.json"
"485268","36127","2025-10-29","25.00","AUD","1761598791","101429/2025-10-29/1761598791.json"
"485268","36127","2025-10-30","25.00","AUD","1761598791","101429/2025-10-30/1761598791.json"
"485268","36127","2025-10-28","25.00","AUD","1761598791","101429/2025-10-28/1761598791.json"
"485268","36127","2025-11-01","25.00","AUD","1761598791","101429/2025-11-01/1761598791.json"
"485268","36127","2025-11-02","25.00","AUD","1761598791","101429/2025-11-02/1761598791.json"
"485268","36127","2025-10-31","25.00","AUD","1761598791","101429/2025-10-31/1761598791.json"
"485268","36127","2025-11-03","25.00","AUD","1761598791","101429/2025-11-03/1761598791.json"
"485268","36127","2025-11-05","25.00","AUD","1761598791","101429/2025-11-05/1761598791.json"
"485268","36127","2025-11-04","25.00","AUD","1761598791","101429/2025-11-04/1761598791.json"
"485268","36127","2025-11-06","25.00","AUD","1761598791","101429/2025-11-06/1761598791.json"
"485268","36127","2025-11-11","25.00","AUD","1761598791","101429/2025-11-11/1761598791.json"
"485268","36127","2025-11-12","25.00","AUD","1761598791","101429/2025-11-12/1761598791.json"
"485268","36127","2025-11-13","25.00","AUD","1761598791","101429/2025-11-13/1761598791.json"
"485268","36127","2025-11-14","25.00","AUD","1761598791","101429/2025-11-14/1761598791.json"
"485268","36127","2025-11-15","25.00","AUD","1761598791","101429/2025-11-15/1761598791.json"
"485268","36127","2025-11-17","25.00","AUD","1761598791","101429/2025-11-17/1761598791.json"
"485268","36127","2025-11-16","25.00","AUD","1761598791","101429/2025-11-16/1761598791.json"
"485268","36127","2025-11-18","25.00","AUD","1761598791","101429/2025-11-18/1761598791.json"
"485268","36127","2025-11-19","25.00","AUD","1761598791","101429/2025-11-19/1761598791.json"
"485268","36127","2025-11-20","25.00","AUD","1761598791","101429/2025-11-20/1761598791.json"
"485268","36127","2025-11-21","25.00","AUD","1761598791","101429/2025-11-21/1761598791.json"
"485268","36127","2025-11-22","25.00","AUD","1761598791","101429/2025-11-22/1761598791.json"
"485268","36127","2025-11-23","25.00","AUD","1761598791","101429/2025-11-23/1761598791.json"
"485268","36127","2025-11-24","25.00","AUD","1761598791","101429/2025-11-24/1761598791.json"
"485268","36127","2025-11-29","25.00","AUD","1761598791","101429/2025-11-29/1761598791.json"
"485268","36127","2025-11-30","25.00","AUD","1761598791","101429/2025-11-30/1761598791.json"
"485268","36127","2025-10-31","25.00","AUD","1761623736","101429/2025-10-31/1761623736.json"
"485268","36127","2025-10-28","25.00","AUD","1761623736","101429/2025-10-28/1761623736.json"
"485268","36127","2025-10-29","25.00","AUD","1761623736","101429/2025-10-29/1761623736.json"
"485268","36127","2025-10-30","25.00","AUD","1761623736","101429/2025-10-30/1761623736.json"
"485268","36127","2025-11-02","25.00","AUD","1761623736","101429/2025-11-02/1761623736.json"
"485268","36127","2025-11-01","25.00","AUD","1761623736","101429/2025-11-01/1761623736.json"
"485268","36127","2025-11-03","25.00","AUD","1761623736","101429/2025-11-03/1761623736.json"
"485268","36127","2025-11-04","25.00","AUD","1761623736","101429/2025-11-04/1761623736.json"
"485268","36127","2025-11-05","25.00","AUD","1761623736","101429/2025-11-05/1761623736.json"
"485268","36127","2025-11-06","25.00","AUD","1761623736","101429/2025-11-06/1761623736.json"
"485268","36127","2025-11-11","25.00","AUD","1761623736","101429/2025-11-11/1761623736.json"
"485268","36127","2025-11-12","25.00","AUD","1761623736","101429/2025-11-12/1761623736.json"
"485268","36127","2025-11-13","25.00","AUD","1761623736","101429/2025-11-13/1761623736.json"
"485268","36127","2025-11-14","25.00","AUD","1761623736","101429/2025-11-14/1761623736.json"
"485268","36127","2025-11-15","25.00","AUD","1761623736","101429/2025-11-15/1761623736.json"
"485268","36127","2025-11-16","25.00","AUD","1761623736","101429/2025-11-16/1761623736.json"
"485268","36127","2025-11-17","25.00","AUD","1761623736","101429/2025-11-17/1761623736.json"
"485268","36127","2025-11-19","25.00","AUD","1761623736","101429/2025-11-19/1761623736.json"
"485268","36127","2025-11-18","25.00","AUD","1761623736","101429/2025-11-18/1761623736.json"
"485268","36127","2025-11-23","25.00","AUD","1761623736","101429/2025-11-23/1761623736.json"
"485268","36127","2025-11-21","25.00","AUD","1761623736","101429/2025-11-21/1761623736.json"
"485268","36127","2025-11-22","25.00","AUD","1761623736","101429/2025-11-22/1761623736.json"
"485268","36127","2025-11-24","25.00","AUD","1761623736","101429/2025-11-24/1761623736.json"
"485268","36127","2025-11-29","25.00","AUD","1761623736","101429/2025-11-29/1761623736.json"
"485268","36127","2025-11-30","25.00","AUD","1761623736","101429/2025-11-30/1761623736.json"
"485268","36127","2025-11-20","25.00","AUD","1761623736","101429/2025-11-20/1761623736.json"
"485268","36127","2025-10-31","25.00","AUD","1761627901","101429/2025-10-31/1761627901.json"
"485268","36127","2025-10-28","25.00","AUD","1761627901","101429/2025-10-28/1761627901.json"
"485268","36127","2025-10-30","25.00","AUD","1761627901","101429/2025-10-30/1761627901.json"
"485268","36127","2025-10-29","25.00","AUD","1761627901","101429/2025-10-29/1761627901.json"
"485268","36127","2025-11-02","25.00","AUD","1761627901","101429/2025-11-02/1761627901.json"
"485268","36127","2025-11-01","25.00","AUD","1761627901","101429/2025-11-01/1761627901.json"
"485268","36127","2025-11-03","25.00","AUD","1761627901","101429/2025-11-03/1761627901.json"
"485268","36127","2025-11-04","25.00","AUD","1761627901","101429/2025-11-04/1761627901.json"
"485268","36127","2025-11-06","25.00","AUD","1761627901","101429/2025-11-06/1761627901.json"
"485268","36127","2025-11-05","25.00","AUD","1761627901","101429/2025-11-05/1761627901.json"
"485268","36127","2025-11-11","25.00","AUD","1761627901","101429/2025-11-11/1761627901.json"
"485268","36127","2025-11-12","25.00","AUD","1761627901","101429/2025-11-12/1761627901.json"
"485268","36127","2025-11-13","25.00","AUD","1761627901","101429/2025-11-13/1761627901.json"
"485268","36127","2025-11-14","25.00","AUD","1761627901","101429/2025-11-14/1761627901.json"
"485268","36127","2025-11-16","25.00","AUD","1761627901","101429/2025-11-16/1761627901.json"
"485268","36127","2025-11-17","25.00","AUD","1761627901","101429/2025-11-17/1761627901.json"
"485268","36127","2025-11-15","25.00","AUD","1761627901","101429/2025-11-15/1761627901.json"
"485268","36127","2025-11-18","25.00","AUD","1761627901","101429/2025-11-18/1761627901.json"
"485268","36127","2025-11-19","25.00","AUD","1761627901","101429/2025-11-19/1761627901.json"
"485268","36127","2025-11-20","25.00","AUD","1761627901","101429/2025-11-20/1761627901.json"
"485268","36127","2025-11-21","25.00","AUD","1761627901","101429/2025-11-21/1761627901.json"
"485268","36127","2025-11-22","25.00","AUD","1761627901","101429/2025-11-22/1761627901.json"
"485268","36127","2025-11-23","25.00","AUD","1761627901","101429/2025-11-23/1761627901.json"
"485268","36127","2025-11-24","25.00","AUD","1761627901","101429/2025-11-24/1761627901.json"
"485268","36127","2025-11-29","25.00","AUD","1761627901","101429/2025-11-29/1761627901.json"
"485268","36127","2025-11-30","25.00","AUD","1761627901","101429/2025-11-30/1761627901.json"
"485268","36127","2025-10-31","25.00","AUD","1761642957","101429/2025-10-31/1761642957.json"
"485268","36127","2025-10-30","25.00","AUD","1761642957","101429/2025-10-30/1761642957.json"
"485268","36127","2025-10-29","25.00","AUD","1761642957","101429/2025-10-29/1761642957.json"
"485268","36127","2025-11-01","25.00","AUD","1761642957","101429/2025-11-01/1761642957.json"
"485268","36127","2025-11-02","25.00","AUD","1761642957","101429/2025-11-02/1761642957.json"
"485268","36127","2025-11-03","25.00","AUD","1761642957","101429/2025-11-03/1761642957.json"
"485268","36127","2025-11-04","25.00","AUD","1761642957","101429/2025-11-04/1761642957.json"
"485268","36127","2025-11-06","25.00","AUD","1761642957","101429/2025-11-06/1761642957.json"
"485268","36127","2025-11-05","25.00","AUD","1761642957","101429/2025-11-05/1761642957.json"
"485268","36127","2025-11-11","25.00","AUD","1761642957","101429/2025-11-11/1761642957.json"
"485268","36127","2025-11-12","25.00","AUD","1761642957","101429/2025-11-12/1761642957.json"
"485268","36127","2025-11-14","25.00","AUD","1761642957","101429/2025-11-14/1761642957.json"
"485268","36127","2025-11-13","25.00","AUD","1761642957","101429/2025-11-13/1761642957.json"
"485268","36127","2025-11-16","25.00","AUD","1761642957","101429/2025-11-16/1761642957.json"
"485268","36127","2025-11-15","25.00","AUD","1761642957","101429/2025-11-15/1761642957.json"
"485268","36127","2025-11-18","25.00","AUD","1761642957","101429/2025-11-18/1761642957.json"
"485268","36127","2025-11-17","25.00","AUD","1761642957","101429/2025-11-17/1761642957.json"
"485268","36127","2025-11-19","25.00","AUD","1761642957","101429/2025-11-19/1761642957.json"
"485268","36127","2025-11-20","25.00","AUD","1761642957","101429/2025-11-20/1761642957.json"
"485268","36127","2025-11-21","25.00","AUD","1761642957","101429/2025-11-21/1761642957.json"
"485268","36127","2025-11-22","25.00","AUD","1761642957","101429/2025-11-22/1761642957.json"
"485268","36127","2025-11-23","25.00","AUD","1761642957","101429/2025-11-23/1761642957.json"
"485268","36127","2025-11-24","25.00","AUD","1761642957","101429/2025-11-24/1761642957.json"
"485268","36127","2025-11-29","25.00","AUD","1761642957","101429/2025-11-29/1761642957.json"
"485268","36127","2025-11-30","25.00","AUD","1761642957","101429/2025-11-30/1761642957.json"
"485268","36127","2025-10-29","25.00","AUD","1761660368","101429/2025-10-29/1761660368.json"
"485268","36127","2025-10-31","25.00","AUD","1761660368","101429/2025-10-31/1761660368.json"
"485268","36127","2025-10-30","25.00","AUD","1761660368","101429/2025-10-30/1761660368.json"
"485268","36127","2025-11-01","25.00","AUD","1761660368","101429/2025-11-01/1761660368.json"
"485268","36127","2025-11-03","25.00","AUD","1761660368","101429/2025-11-03/1761660368.json"
"485268","36127","2025-11-04","25.00","AUD","1761660368","101429/2025-11-04/1761660368.json"
"485268","36127","2025-11-02","25.00","AUD","1761660368","101429/2025-11-02/1761660368.json"
"485268","36127","2025-11-05","25.00","AUD","1761660368","101429/2025-11-05/1761660368.json"
"485268","36127","2025-11-06","25.00","AUD","1761660368","101429/2025-11-06/1761660368.json"
"485268","36127","2025-11-11","25.00","AUD","1761660368","101429/2025-11-11/1761660368.json"
"485268","36127","2025-11-12","25.00","AUD","1761660368","101429/2025-11-12/1761660368.json"
"485268","36127","2025-11-13","25.00","AUD","1761660368","101429/2025-11-13/1761660368.json"
"485268","36127","2025-11-14","25.00","AUD","1761660368","101429/2025-11-14/1761660368.json"
"485268","36127","2025-11-15","25.00","AUD","1761660368","101429/2025-11-15/1761660368.json"
"485268","36127","2025-11-16","25.00","AUD","1761660368","101429/2025-11-16/1761660368.json"
"485268","36127","2025-11-17","25.00","AUD","1761660368","101429/2025-11-17/1761660368.json"
"485268","36127","2025-11-18","25.00","AUD","1761660368","101429/2025-11-18/1761660368.json"
"485268","36127","2025-11-22","25.00","AUD","1761660368","101429/2025-11-22/1761660368.json"
"485268","36127","2025-11-19","25.00","AUD","1761660368","101429/2025-11-19/1761660368.json"
"485268","36127","2025-11-20","25.00","AUD","1761660368","101429/2025-11-20/1761660368.json"
"485268","36127","2025-11-21","25.00","AUD","1761660368","101429/2025-11-21/1761660368.json"
"485268","36127","2025-11-23","25.00","AUD","1761660368","101429/2025-11-23/1761660368.json"
"485268","36127","2025-11-24","25.00","AUD","1761660368","101429/2025-11-24/1761660368.json"
"485268","36127","2025-11-30","25.00","AUD","1761660368","101429/2025-11-30/1761660368.json"
"485268","36127","2025-11-29","25.00","AUD","1761660368","101429/2025-11-29/1761660368.json"
"485268","36127","2025-10-30","25.00","AUD","1761671942","101429/2025-10-30/1761671942.json"
"485268","36127","2025-10-29","25.00","AUD","1761671942","101429/2025-10-29/1761671942.json"
"485268","36127","2025-10-31","25.00","AUD","1761671942","101429/2025-10-31/1761671942.json"
"485268","36127","2025-11-01","25.00","AUD","1761671942","101429/2025-11-01/1761671942.json"
"485268","36127","2025-11-02","25.00","AUD","1761671942","101429/2025-11-02/1761671942.json"
"485268","36127","2025-11-05","25.00","AUD","1761671942","101429/2025-11-05/1761671942.json"
"485268","36127","2025-11-04","25.00","AUD","1761671942","101429/2025-11-04/1761671942.json"
"485268","36127","2025-11-03","25.00","AUD","1761671942","101429/2025-11-03/1761671942.json"
"485268","36127","2025-11-06","25.00","AUD","1761671942","101429/2025-11-06/1761671942.json"
"485268","36127","2025-11-11","25.00","AUD","1761671942","101429/2025-11-11/1761671942.json"
"485268","36127","2025-11-12","25.00","AUD","1761671942","101429/2025-11-12/1761671942.json"
"485268","36127","2025-11-13","25.00","AUD","1761671942","101429/2025-11-13/1761671942.json"
"485268","36127","2025-11-14","25.00","AUD","1761671942","101429/2025-11-14/1761671942.json"
"485268","36127","2025-11-15","25.00","AUD","1761671942","101429/2025-11-15/1761671942.json"
"485268","36127","2025-11-16","25.00","AUD","1761671942","101429/2025-11-16/1761671942.json"
"485268","36127","2025-11-17","25.00","AUD","1761671942","101429/2025-11-17/1761671942.json"
"485268","36127","2025-11-18","25.00","AUD","1761671942","101429/2025-11-18/1761671942.json"
"485268","36127","2025-11-19","25.00","AUD","1761671942","101429/2025-11-19/1761671942.json"
"485268","36127","2025-11-20","25.00","AUD","1761671942","101429/2025-11-20/1761671942.json"
"485268","36127","2025-11-21","25.00","AUD","1761671942","101429/2025-11-21/1761671942.json"
"485268","36127","2025-11-22","25.00","AUD","1761671942","101429/2025-11-22/1761671942.json"
"485268","36127","2025-11-23","25.00","AUD","1761671942","101429/2025-11-23/1761671942.json"
"485268","36127","2025-11-24","25.00","AUD","1761671942","101429/2025-11-24/1761671942.json"
"485268","36127","2025-11-30","25.00","AUD","1761671942","101429/2025-11-30/1761671942.json"
"485268","36127","2025-11-29","25.00","AUD","1761671942","101429/2025-11-29/1761671942.json"
"485268","36127","2025-10-29","25.00","AUD","1761685543","101429/2025-10-29/1761685543.json"
"485268","36127","2025-10-30","25.00","AUD","1761685543","101429/2025-10-30/1761685543.json"
"485268","36127","2025-10-31","25.00","AUD","1761685543","101429/2025-10-31/1761685543.json"
"485268","36127","2025-11-01","25.00","AUD","1761685543","101429/2025-11-01/1761685543.json"
"485268","36127","2025-11-02","25.00","AUD","1761685543","101429/2025-11-02/1761685543.json"
"485268","36127","2025-11-03","25.00","AUD","1761685543","101429/2025-11-03/1761685543.json"
"485268","36127","2025-11-04","25.00","AUD","1761685543","101429/2025-11-04/1761685543.json"
"485268","36127","2025-11-06","25.00","AUD","1761685543","101429/2025-11-06/1761685543.json"
"485268","36127","2025-11-05","25.00","AUD","1761685543","101429/2025-11-05/1761685543.json"
"485268","36127","2025-11-11","25.00","AUD","1761685543","101429/2025-11-11/1761685543.json"
"485268","36127","2025-11-14","25.00","AUD","1761685543","101429/2025-11-14/1761685543.json"
"485268","36127","2025-11-13","25.00","AUD","1761685543","101429/2025-11-13/1761685543.json"
"485268","36127","2025-11-12","25.00","AUD","1761685543","101429/2025-11-12/1761685543.json"
"485268","36127","2025-11-15","25.00","AUD","1761685543","101429/2025-11-15/1761685543.json"
"485268","36127","2025-11-16","25.00","AUD","1761685543","101429/2025-11-16/1761685543.json"
"485268","36127","2025-11-19","25.00","AUD","1761685543","101429/2025-11-19/1761685543.json"
"485268","36127","2025-11-18","25.00","AUD","1761685543","101429/2025-11-18/1761685543.json"
"485268","36127","2025-11-17","25.00","AUD","1761685543","101429/2025-11-17/1761685543.json"
"485268","36127","2025-11-20","25.00","AUD","1761685543","101429/2025-11-20/1761685543.json"
"485268","36127","2025-11-21","25.00","AUD","1761685543","101429/2025-11-21/1761685543.json"
"485268","36127","2025-11-23","25.00","AUD","1761685543","101429/2025-11-23/1761685543.json"
"485268","36127","2025-11-22","25.00","AUD","1761685543","101429/2025-11-22/1761685543.json"
"485268","36127","2025-11-24","25.00","AUD","1761685543","101429/2025-11-24/1761685543.json"
"485268","36127","2025-11-30","25.00","AUD","1761685543","101429/2025-11-30/1761685543.json"
"485268","36127","2025-11-29","25.00","AUD","1761685543","101429/2025-11-29/1761685543.json"
"485268","36127","2025-11-01","25.00","AUD","1761710460","101429/2025-11-01/1761710460.json"
"485273","36129","2025-10-30","25.00","AUD","1761710460","101429/2025-10-30/1761710460.json"
"485268","36127","2025-10-30","25.00","AUD","1761710460","101429/2025-10-30/1761710460.json"
"485273","36129","2025-10-29","25.00","AUD","1761710460","101429/2025-10-29/1761710460.json"
"485268","36127","2025-10-29","25.00","AUD","1761710460","101429/2025-10-29/1761710460.json"
"485273","36129","2025-10-31","25.00","AUD","1761710460","101429/2025-10-31/1761710460.json"
"485268","36127","2025-10-31","25.00","AUD","1761710460","101429/2025-10-31/1761710460.json"
"485268","36127","2025-11-03","25.00","AUD","1761710460","101429/2025-11-03/1761710460.json"
"485268","36127","2025-11-04","25.00","AUD","1761710460","101429/2025-11-04/1761710460.json"
"485268","36127","2025-11-02","25.00","AUD","1761710460","101429/2025-11-02/1761710460.json"
"485268","36127","2025-11-05","25.00","AUD","1761710460","101429/2025-11-05/1761710460.json"
"485268","36127","2025-11-07","25.00","AUD","1761710460","101429/2025-11-07/1761710460.json"
"485268","36127","2025-11-06","25.00","AUD","1761710460","101429/2025-11-06/1761710460.json"
"485268","36127","2025-11-08","25.00","AUD","1761710460","101429/2025-11-08/1761710460.json"
"485268","36127","2025-11-09","25.00","AUD","1761710460","101429/2025-11-09/1761710460.json"
"485268","36127","2025-11-11","25.00","AUD","1761710460","101429/2025-11-11/1761710460.json"
"485268","36127","2025-11-10","25.00","AUD","1761710460","101429/2025-11-10/1761710460.json"
"485268","36127","2025-11-12","25.00","AUD","1761710460","101429/2025-11-12/1761710460.json"
"485268","36127","2025-11-13","25.00","AUD","1761710460","101429/2025-11-13/1761710460.json"
"485268","36127","2025-11-15","25.00","AUD","1761710460","101429/2025-11-15/1761710460.json"
"485268","36127","2025-11-16","25.00","AUD","1761710460","101429/2025-11-16/1761710460.json"
"485268","36127","2025-11-14","25.00","AUD","1761710460","101429/2025-11-14/1761710460.json"
"485268","36127","2025-11-17","25.00","AUD","1761710460","101429/2025-11-17/1761710460.json"
"485268","36127","2025-11-18","25.00","AUD","1761710460","101429/2025-11-18/1761710460.json"
"485268","36127","2025-11-20","25.00","AUD","1761710460","101429/2025-11-20/1761710460.json"
"485268","36127","2025-11-19","25.00","AUD","1761710460","101429/2025-11-19/1761710460.json"
"485268","36127","2025-11-21","25.00","AUD","1761710460","101429/2025-11-21/1761710460.json"
"485268","36127","2025-11-22","25.00","AUD","1761710460","101429/2025-11-22/1761710460.json"
"485268","36127","2025-11-23","25.00","AUD","1761710460","101429/2025-11-23/1761710460.json"
"485268","36127","2025-11-24","25.00","AUD","1761710460","101429/2025-11-24/1761710460.json"
"485268","36127","2025-11-29","25.00","AUD","1761710460","101429/2025-11-29/1761710460.json"
"485268","36127","2025-11-30","25.00","AUD","1761710460","101429/2025-11-30/1761710460.json"
"485273","36129","2025-10-31","25.00","AUD","1761714651","101429/2025-10-31/1761714651.json"
"485268","36127","2025-10-31","25.00","AUD","1761714651","101429/2025-10-31/1761714651.json"
"485273","36129","2025-10-30","25.00","AUD","1761714651","101429/2025-10-30/1761714651.json"
"485268","36127","2025-10-30","25.00","AUD","1761714651","101429/2025-10-30/1761714651.json"
"485268","36127","2025-11-01","25.00","AUD","1761714651","101429/2025-11-01/1761714651.json"
"485268","36127","2025-11-03","25.00","AUD","1761714651","101429/2025-11-03/1761714651.json"
"485268","36127","2025-11-02","25.00","AUD","1761714651","101429/2025-11-02/1761714651.json"
"485268","36127","2025-11-04","25.00","AUD","1761714651","101429/2025-11-04/1761714651.json"
"485268","36127","2025-11-05","25.00","AUD","1761714651","101429/2025-11-05/1761714651.json"
"485268","36127","2025-11-07","25.00","AUD","1761714651","101429/2025-11-07/1761714651.json"
"485268","36127","2025-11-06","25.00","AUD","1761714651","101429/2025-11-06/1761714651.json"
"485268","36127","2025-11-08","25.00","AUD","1761714651","101429/2025-11-08/1761714651.json"
"485268","36127","2025-11-09","25.00","AUD","1761714651","101429/2025-11-09/1761714651.json"
"485268","36127","2025-11-10","25.00","AUD","1761714651","101429/2025-11-10/1761714651.json"
"485273","36129","2025-10-29","25.00","AUD","1761714651","101429/2025-10-29/1761714651.json"
"485268","36127","2025-10-29","25.00","AUD","1761714651","101429/2025-10-29/1761714651.json"
"485268","36127","2025-11-12","25.00","AUD","1761714651","101429/2025-11-12/1761714651.json"
"485268","36127","2025-11-13","25.00","AUD","1761714651","101429/2025-11-13/1761714651.json"
"485268","36127","2025-11-14","25.00","AUD","1761714651","101429/2025-11-14/1761714651.json"
"485268","36127","2025-11-11","25.00","AUD","1761714651","101429/2025-11-11/1761714651.json"
"485268","36127","2025-11-16","25.00","AUD","1761714651","101429/2025-11-16/1761714651.json"
"485268","36127","2025-11-15","25.00","AUD","1761714651","101429/2025-11-15/1761714651.json"
"485268","36127","2025-11-18","25.00","AUD","1761714651","101429/2025-11-18/1761714651.json"
"485268","36127","2025-11-17","25.00","AUD","1761714651","101429/2025-11-17/1761714651.json"
"485268","36127","2025-11-19","25.00","AUD","1761714651","101429/2025-11-19/1761714651.json"
"485268","36127","2025-11-20","25.00","AUD","1761714651","101429/2025-11-20/1761714651.json"
"485268","36127","2025-11-21","25.00","AUD","1761714651","101429/2025-11-21/1761714651.json"
"485268","36127","2025-11-22","25.00","AUD","1761714651","101429/2025-11-22/1761714651.json"
"485268","36127","2025-11-23","25.00","AUD","1761714651","101429/2025-11-23/1761714651.json"
"485268","36127","2025-11-24","25.00","AUD","1761714651","101429/2025-11-24/1761714651.json"
"485268","36127","2025-11-29","25.00","AUD","1761714651","101429/2025-11-29/1761714651.json"
"485268","36127","2025-11-30","25.00","AUD","1761714651","101429/2025-11-30/1761714651.json"
"485268","36127","2025-11-01","25.00","AUD","1761729497","101429/2025-11-01/1761729497.json"
"485273","36129","2025-10-30","25.00","AUD","1761729497","101429/2025-10-30/1761729497.json"
"485268","36127","2025-10-30","25.00","AUD","1761729497","101429/2025-10-30/1761729497.json"
"485273","36129","2025-10-31","25.00","AUD","1761729497","101429/2025-10-31/1761729497.json"
"485268","36127","2025-10-31","25.00","AUD","1761729497","101429/2025-10-31/1761729497.json"
"485268","36127","2025-11-02","25.00","AUD","1761729497","101429/2025-11-02/1761729497.json"
"485268","36127","2025-11-04","25.00","AUD","1761729497","101429/2025-11-04/1761729497.json"
"485268","36127","2025-11-05","25.00","AUD","1761729497","101429/2025-11-05/1761729497.json"
"485268","36127","2025-11-03","25.00","AUD","1761729497","101429/2025-11-03/1761729497.json"
"485268","36127","2025-11-06","25.00","AUD","1761729497","101429/2025-11-06/1761729497.json"
"485268","36127","2025-11-07","25.00","AUD","1761729497","101429/2025-11-07/1761729497.json"
"485268","36127","2025-11-08","25.00","AUD","1761729497","101429/2025-11-08/1761729497.json"
"485268","36127","2025-11-09","25.00","AUD","1761729497","101429/2025-11-09/1761729497.json"
"485268","36127","2025-11-11","25.00","AUD","1761729497","101429/2025-11-11/1761729497.json"
"485268","36127","2025-11-13","25.00","AUD","1761729497","101429/2025-11-13/1761729497.json"
"485268","36127","2025-11-10","25.00","AUD","1761729497","101429/2025-11-10/1761729497.json"
"485268","36127","2025-11-12","25.00","AUD","1761729497","101429/2025-11-12/1761729497.json"
"485268","36127","2025-11-14","25.00","AUD","1761729497","101429/2025-11-14/1761729497.json"
"485268","36127","2025-11-15","25.00","AUD","1761729497","101429/2025-11-15/1761729497.json"
"485268","36127","2025-11-16","25.00","AUD","1761729497","101429/2025-11-16/1761729497.json"
"485268","36127","2025-11-17","25.00","AUD","1761729497","101429/2025-11-17/1761729497.json"
"485268","36127","2025-11-18","25.00","AUD","1761729497","101429/2025-11-18/1761729497.json"
"485268","36127","2025-11-19","25.00","AUD","1761729497","101429/2025-11-19/1761729497.json"
"485268","36127","2025-11-20","25.00","AUD","1761729497","101429/2025-11-20/1761729497.json"
"485268","36127","2025-11-21","25.00","AUD","1761729497","101429/2025-11-21/1761729497.json"
"485268","36127","2025-11-23","25.00","AUD","1761729497","101429/2025-11-23/1761729497.json"
"485268","36127","2025-11-24","25.00","AUD","1761729497","101429/2025-11-24/1761729497.json"
"485268","36127","2025-11-22","25.00","AUD","1761729497","101429/2025-11-22/1761729497.json"
"485268","36127","2025-11-29","25.00","AUD","1761729497","101429/2025-11-29/1761729497.json"
"485268","36127","2025-11-30","25.00","AUD","1761729497","101429/2025-11-30/1761729497.json"
"485268","36127","2025-11-01","25.00","AUD","1761746940","101429/2025-11-01/1761746940.json"
"485273","36129","2025-10-30","25.00","AUD","1761746940","101429/2025-10-30/1761746940.json"
"485268","36127","2025-10-30","25.00","AUD","1761746940","101429/2025-10-30/1761746940.json"
"485273","36129","2025-10-31","25.00","AUD","1761746940","101429/2025-10-31/1761746940.json"
"485268","36127","2025-10-31","25.00","AUD","1761746940","101429/2025-10-31/1761746940.json"
"485268","36127","2025-11-02","25.00","AUD","1761746940","101429/2025-11-02/1761746940.json"
"485268","36127","2025-11-03","25.00","AUD","1761746940","101429/2025-11-03/1761746940.json"
"485268","36127","2025-11-06","25.00","AUD","1761746940","101429/2025-11-06/1761746940.json"
"485268","36127","2025-11-04","25.00","AUD","1761746940","101429/2025-11-04/1761746940.json"
"485268","36127","2025-11-05","25.00","AUD","1761746940","101429/2025-11-05/1761746940.json"
"485268","36127","2025-11-07","25.00","AUD","1761746940","101429/2025-11-07/1761746940.json"
"485268","36127","2025-11-09","25.00","AUD","1761746940","101429/2025-11-09/1761746940.json"
"485268","36127","2025-11-08","25.00","AUD","1761746940","101429/2025-11-08/1761746940.json"
"485268","36127","2025-11-10","25.00","AUD","1761746940","101429/2025-11-10/1761746940.json"
"485268","36127","2025-11-11","25.00","AUD","1761746940","101429/2025-11-11/1761746940.json"
"485268","36127","2025-11-12","25.00","AUD","1761746940","101429/2025-11-12/1761746940.json"
"485268","36127","2025-11-13","25.00","AUD","1761746940","101429/2025-11-13/1761746940.json"
"485268","36127","2025-11-14","25.00","AUD","1761746940","101429/2025-11-14/1761746940.json"
"485268","36127","2025-11-15","25.00","AUD","1761746940","101429/2025-11-15/1761746940.json"
"485268","36127","2025-11-16","25.00","AUD","1761746940","101429/2025-11-16/1761746940.json"
"485268","36127","2025-11-17","25.00","AUD","1761746940","101429/2025-11-17/1761746940.json"
"485268","36127","2025-11-18","25.00","AUD","1761746940","101429/2025-11-18/1761746940.json"
"485268","36127","2025-11-19","25.00","AUD","1761746940","101429/2025-11-19/1761746940.json"
"485268","36127","2025-11-21","25.00","AUD","1761746940","101429/2025-11-21/1761746940.json"
"485268","36127","2025-11-20","25.00","AUD","1761746940","101429/2025-11-20/1761746940.json"
"485268","36127","2025-11-22","25.00","AUD","1761746940","101429/2025-11-22/1761746940.json"
"485268","36127","2025-11-23","25.00","AUD","1761746940","101429/2025-11-23/1761746940.json"
"485268","36127","2025-11-24","25.00","AUD","1761746940","101429/2025-11-24/1761746940.json"
"485268","36127","2025-11-29","25.00","AUD","1761746940","101429/2025-11-29/1761746940.json"
"485268","36127","2025-11-30","25.00","AUD","1761746940","101429/2025-11-30/1761746940.json"
"485268","36127","2025-11-01","25.00","AUD","1761758465","101429/2025-11-01/1761758465.json"
"485273","36129","2025-10-31","25.00","AUD","1761758465","101429/2025-10-31/1761758465.json"
"485268","36127","2025-10-31","25.00","AUD","1761758465","101429/2025-10-31/1761758465.json"
"485273","36129","2025-10-30","25.00","AUD","1761758465","101429/2025-10-30/1761758465.json"
"485268","36127","2025-10-30","25.00","AUD","1761758465","101429/2025-10-30/1761758465.json"
"485268","36127","2025-11-02","25.00","AUD","1761758465","101429/2025-11-02/1761758465.json"
"485268","36127","2025-11-03","25.00","AUD","1761758465","101429/2025-11-03/1761758465.json"
"485268","36127","2025-11-05","25.00","AUD","1761758465","101429/2025-11-05/1761758465.json"
"485268","36127","2025-11-04","25.00","AUD","1761758465","101429/2025-11-04/1761758465.json"
"485268","36127","2025-11-06","25.00","AUD","1761758465","101429/2025-11-06/1761758465.json"
"485268","36127","2025-11-07","25.00","AUD","1761758465","101429/2025-11-07/1761758465.json"
"485268","36127","2025-11-08","25.00","AUD","1761758465","101429/2025-11-08/1761758465.json"
"485268","36127","2025-11-09","25.00","AUD","1761758465","101429/2025-11-09/1761758465.json"
"485268","36127","2025-11-11","25.00","AUD","1761758465","101429/2025-11-11/1761758465.json"
"485268","36127","2025-11-10","25.00","AUD","1761758465","101429/2025-11-10/1761758465.json"
"485268","36127","2025-11-12","25.00","AUD","1761758465","101429/2025-11-12/1761758465.json"
"485268","36127","2025-11-13","25.00","AUD","1761758465","101429/2025-11-13/1761758465.json"
"485268","36127","2025-11-14","25.00","AUD","1761758465","101429/2025-11-14/1761758465.json"
"485268","36127","2025-11-15","25.00","AUD","1761758465","101429/2025-11-15/1761758465.json"
"485268","36127","2025-11-16","25.00","AUD","1761758465","101429/2025-11-16/1761758465.json"
"485268","36127","2025-11-17","25.00","AUD","1761758465","101429/2025-11-17/1761758465.json"
"485268","36127","2025-11-18","25.00","AUD","1761758465","101429/2025-11-18/1761758465.json"
"485268","36127","2025-11-19","25.00","AUD","1761758465","101429/2025-11-19/1761758465.json"
"485268","36127","2025-11-21","25.00","AUD","1761758465","101429/2025-11-21/1761758465.json"
"485268","36127","2025-11-20","25.00","AUD","1761758465","101429/2025-11-20/1761758465.json"
"485268","36127","2025-11-22","25.00","AUD","1761758465","101429/2025-11-22/1761758465.json"
"485268","36127","2025-11-23","25.00","AUD","1761758465","101429/2025-11-23/1761758465.json"
"485268","36127","2025-11-24","25.00","AUD","1761758465","101429/2025-11-24/1761758465.json"
"485268","36127","2025-11-30","25.00","AUD","1761758465","101429/2025-11-30/1761758465.json"
"485268","36127","2025-11-29","25.00","AUD","1761758465","101429/2025-11-29/1761758465.json"
"485273","36129","2025-10-31","25.00","AUD","1761771788","101429/2025-10-31/1761771788.json"
"485268","36127","2025-10-31","25.00","AUD","1761771788","101429/2025-10-31/1761771788.json"
"485268","36127","2025-11-01","25.00","AUD","1761771788","101429/2025-11-01/1761771788.json"
"485273","36129","2025-10-30","25.00","AUD","1761771788","101429/2025-10-30/1761771788.json"
"485268","36127","2025-10-30","25.00","AUD","1761771788","101429/2025-10-30/1761771788.json"
"485268","36127","2025-11-02","25.00","AUD","1761771788","101429/2025-11-02/1761771788.json"
"485268","36127","2025-11-03","25.00","AUD","1761771788","101429/2025-11-03/1761771788.json"
"485268","36127","2025-11-05","25.00","AUD","1761771788","101429/2025-11-05/1761771788.json"
"485268","36127","2025-11-06","25.00","AUD","1761771788","101429/2025-11-06/1761771788.json"
"485268","36127","2025-11-04","25.00","AUD","1761771788","101429/2025-11-04/1761771788.json"
"485268","36127","2025-11-09","25.00","AUD","1761771788","101429/2025-11-09/1761771788.json"
"485268","36127","2025-11-08","25.00","AUD","1761771788","101429/2025-11-08/1761771788.json"
"485268","36127","2025-11-07","25.00","AUD","1761771788","101429/2025-11-07/1761771788.json"
"485268","36127","2025-11-11","25.00","AUD","1761771788","101429/2025-11-11/1761771788.json"
"485268","36127","2025-11-13","25.00","AUD","1761771788","101429/2025-11-13/1761771788.json"
"485268","36127","2025-11-12","25.00","AUD","1761771788","101429/2025-11-12/1761771788.json"
"485268","36127","2025-11-10","25.00","AUD","1761771788","101429/2025-11-10/1761771788.json"
"485268","36127","2025-11-14","25.00","AUD","1761771788","101429/2025-11-14/1761771788.json"
"485268","36127","2025-11-15","25.00","AUD","1761771788","101429/2025-11-15/1761771788.json"
"485268","36127","2025-11-17","25.00","AUD","1761771788","101429/2025-11-17/1761771788.json"
"485268","36127","2025-11-18","25.00","AUD","1761771788","101429/2025-11-18/1761771788.json"
"485268","36127","2025-11-20","25.00","AUD","1761771788","101429/2025-11-20/1761771788.json"
"485268","36127","2025-11-21","25.00","AUD","1761771788","101429/2025-11-21/1761771788.json"
"485268","36127","2025-11-19","25.00","AUD","1761771788","101429/2025-11-19/1761771788.json"
"485268","36127","2025-11-23","25.00","AUD","1761771788","101429/2025-11-23/1761771788.json"
"485268","36127","2025-11-22","25.00","AUD","1761771788","101429/2025-11-22/1761771788.json"
"485268","36127","2025-11-24","25.00","AUD","1761771788","101429/2025-11-24/1761771788.json"
"485268","36127","2025-11-16","25.00","AUD","1761771788","101429/2025-11-16/1761771788.json"
"485268","36127","2025-11-29","25.00","AUD","1761771788","101429/2025-11-29/1761771788.json"
"485268","36127","2025-11-30","25.00","AUD","1761771788","101429/2025-11-30/1761771788.json"
"485268","36127","2025-11-02","25.00","AUD","1761796559","101429/2025-11-02/1761796559.json"
"485268","36127","2025-10-30","25.00","AUD","1761796559","101429/2025-10-30/1761796559.json"
"485268","36127","2025-11-01","25.00","AUD","1761796559","101429/2025-11-01/1761796559.json"
"485268","36127","2025-11-03","25.00","AUD","1761796559","101429/2025-11-03/1761796559.json"
"485268","36127","2025-11-06","25.00","AUD","1761796559","101429/2025-11-06/1761796559.json"
"485268","36127","2025-11-04","25.00","AUD","1761796559","101429/2025-11-04/1761796559.json"
"485268","36127","2025-11-05","25.00","AUD","1761796559","101429/2025-11-05/1761796559.json"
"485268","36127","2025-11-07","25.00","AUD","1761796559","101429/2025-11-07/1761796559.json"
"485268","36127","2025-11-09","25.00","AUD","1761796559","101429/2025-11-09/1761796559.json"
"485268","36127","2025-11-10","25.00","AUD","1761796559","101429/2025-11-10/1761796559.json"
"485268","36127","2025-11-08","25.00","AUD","1761796559","101429/2025-11-08/1761796559.json"
"485268","36127","2025-11-11","25.00","AUD","1761796559","101429/2025-11-11/1761796559.json"
"485268","36127","2025-11-12","25.00","AUD","1761796559","101429/2025-11-12/1761796559.json"
"485268","36127","2025-11-13","25.00","AUD","1761796559","101429/2025-11-13/1761796559.json"
"485268","36127","2025-11-14","25.00","AUD","1761796559","101429/2025-11-14/1761796559.json"
"485268","36127","2025-11-15","25.00","AUD","1761796559","101429/2025-11-15/1761796559.json"
"485268","36127","2025-11-16","25.00","AUD","1761796559","101429/2025-11-16/1761796559.json"
"485268","36127","2025-11-18","25.00","AUD","1761796559","101429/2025-11-18/1761796559.json"
"485268","36127","2025-11-17","25.00","AUD","1761796559","101429/2025-11-17/1761796559.json"
"485268","36127","2025-11-19","25.00","AUD","1761796559","101429/2025-11-19/1761796559.json"
"485268","36127","2025-11-20","25.00","AUD","1761796559","101429/2025-11-20/1761796559.json"
"485268","36127","2025-11-22","25.00","AUD","1761796559","101429/2025-11-22/1761796559.json"
"485268","36127","2025-11-21","25.00","AUD","1761796559","101429/2025-11-21/1761796559.json"
"485268","36127","2025-11-24","25.00","AUD","1761796559","101429/2025-11-24/1761796559.json"
"485268","36127","2025-11-23","25.00","AUD","1761796559","101429/2025-11-23/1761796559.json"
"485268","36127","2025-11-29","25.00","AUD","1761796559","101429/2025-11-29/1761796559.json"
"485268","36127","2025-11-30","25.00","AUD","1761796559","101429/2025-11-30/1761796559.json"
"485268","36127","2025-11-01","25.00","AUD","1761800894","101429/2025-11-01/1761800894.json"
"485268","36127","2025-10-30","25.00","AUD","1761800894","101429/2025-10-30/1761800894.json"
"485268","36127","2025-11-02","25.00","AUD","1761800894","101429/2025-11-02/1761800894.json"
"485268","36127","2025-11-06","25.00","AUD","1761800894","101429/2025-11-06/1761800894.json"
"485268","36127","2025-11-05","25.00","AUD","1761800894","101429/2025-11-05/1761800894.json"
"485268","36127","2025-11-04","25.00","AUD","1761800894","101429/2025-11-04/1761800894.json"
"485268","36127","2025-11-03","25.00","AUD","1761800894","101429/2025-11-03/1761800894.json"
"485268","36127","2025-11-07","25.00","AUD","1761800894","101429/2025-11-07/1761800894.json"
"485268","36127","2025-11-09","25.00","AUD","1761800894","101429/2025-11-09/1761800894.json"
"485268","36127","2025-11-08","25.00","AUD","1761800894","101429/2025-11-08/1761800894.json"
"485268","36127","2025-11-10","25.00","AUD","1761800894","101429/2025-11-10/1761800894.json"
"485268","36127","2025-11-12","25.00","AUD","1761800894","101429/2025-11-12/1761800894.json"
"485268","36127","2025-11-11","25.00","AUD","1761800894","101429/2025-11-11/1761800894.json"
"485268","36127","2025-11-13","25.00","AUD","1761800894","101429/2025-11-13/1761800894.json"
"485268","36127","2025-11-16","25.00","AUD","1761800894","101429/2025-11-16/1761800894.json"
"485268","36127","2025-11-14","25.00","AUD","1761800894","101429/2025-11-14/1761800894.json"
"485268","36127","2025-11-15","25.00","AUD","1761800894","101429/2025-11-15/1761800894.json"
"485268","36127","2025-11-17","25.00","AUD","1761800894","101429/2025-11-17/1761800894.json"
"485268","36127","2025-11-19","25.00","AUD","1761800894","101429/2025-11-19/1761800894.json"
"485268","36127","2025-11-20","25.00","AUD","1761800894","101429/2025-11-20/1761800894.json"
"485268","36127","2025-11-21","25.00","AUD","1761800894","101429/2025-11-21/1761800894.json"
"485268","36127","2025-11-18","25.00","AUD","1761800894","101429/2025-11-18/1761800894.json"
"485268","36127","2025-11-23","25.00","AUD","1761800894","101429/2025-11-23/1761800894.json"
"485268","36127","2025-11-22","25.00","AUD","1761800894","101429/2025-11-22/1761800894.json"
"485268","36127","2025-11-24","25.00","AUD","1761800894","101429/2025-11-24/1761800894.json"
"485268","36127","2025-11-29","25.00","AUD","1761800894","101429/2025-11-29/1761800894.json"
"485268","36127","2025-11-30","25.00","AUD","1761800894","101429/2025-11-30/1761800894.json"
"485268","36127","2025-11-01","25.00","AUD","1761815586","101429/2025-11-01/1761815586.json"
"485268","36127","2025-11-02","25.00","AUD","1761815586","101429/2025-11-02/1761815586.json"
"485268","36127","2025-11-05","25.00","AUD","1761815586","101429/2025-11-05/1761815586.json"
"485268","36127","2025-11-03","25.00","AUD","1761815586","101429/2025-11-03/1761815586.json"
"485268","36127","2025-11-06","25.00","AUD","1761815586","101429/2025-11-06/1761815586.json"
"485268","36127","2025-11-08","25.00","AUD","1761815586","101429/2025-11-08/1761815586.json"
"485268","36127","2025-11-04","25.00","AUD","1761815586","101429/2025-11-04/1761815586.json"
"485268","36127","2025-11-07","25.00","AUD","1761815586","101429/2025-11-07/1761815586.json"
"485268","36127","2025-11-09","25.00","AUD","1761815586","101429/2025-11-09/1761815586.json"
"485268","36127","2025-11-10","25.00","AUD","1761815586","101429/2025-11-10/1761815586.json"
"485268","36127","2025-11-11","25.00","AUD","1761815586","101429/2025-11-11/1761815586.json"
"485268","36127","2025-11-13","25.00","AUD","1761815586","101429/2025-11-13/1761815586.json"
"485268","36127","2025-11-12","25.00","AUD","1761815586","101429/2025-11-12/1761815586.json"
"485268","36127","2025-11-15","25.00","AUD","1761815586","101429/2025-11-15/1761815586.json"
"485268","36127","2025-11-16","25.00","AUD","1761815586","101429/2025-11-16/1761815586.json"
"485268","36127","2025-11-17","25.00","AUD","1761815586","101429/2025-11-17/1761815586.json"
"485268","36127","2025-11-19","25.00","AUD","1761815586","101429/2025-11-19/1761815586.json"
"485268","36127","2025-11-18","25.00","AUD","1761815586","101429/2025-11-18/1761815586.json"
"485268","36127","2025-11-14","25.00","AUD","1761815586","101429/2025-11-14/1761815586.json"
"485268","36127","2025-11-20","25.00","AUD","1761815586","101429/2025-11-20/1761815586.json"
"485268","36127","2025-11-21","25.00","AUD","1761815586","101429/2025-11-21/1761815586.json"
"485268","36127","2025-11-22","25.00","AUD","1761815586","101429/2025-11-22/1761815586.json"
"485268","36127","2025-11-23","25.00","AUD","1761815586","101429/2025-11-23/1761815586.json"
"485268","36127","2025-11-24","25.00","AUD","1761815586","101429/2025-11-24/1761815586.json"
"485268","36127","2025-11-29","25.00","AUD","1761815586","101429/2025-11-29/1761815586.json"
"485268","36127","2025-11-30","25.00","AUD","1761815586","101429/2025-11-30/1761815586.json"
"485268","36127","2025-11-02","25.00","AUD","1761833097","101429/2025-11-02/1761833097.json"
"485268","36127","2025-11-01","25.00","AUD","1761833097","101429/2025-11-01/1761833097.json"
"485268","36127","2025-11-03","25.00","AUD","1761833097","101429/2025-11-03/1761833097.json"
"485268","36127","2025-11-04","25.00","AUD","1761833097","101429/2025-11-04/1761833097.json"
"485268","36127","2025-11-05","25.00","AUD","1761833097","101429/2025-11-05/1761833097.json"
"485268","36127","2025-11-06","25.00","AUD","1761833097","101429/2025-11-06/1761833097.json"
"485268","36127","2025-11-07","25.00","AUD","1761833097","101429/2025-11-07/1761833097.json"
"485268","36127","2025-11-08","25.00","AUD","1761833097","101429/2025-11-08/1761833097.json"
"485268","36127","2025-11-09","25.00","AUD","1761833097","101429/2025-11-09/1761833097.json"
"485268","36127","2025-11-10","25.00","AUD","1761833097","101429/2025-11-10/1761833097.json"
"485268","36127","2025-11-11","25.00","AUD","1761833097","101429/2025-11-11/1761833097.json"
"485268","36127","2025-11-13","25.00","AUD","1761833097","101429/2025-11-13/1761833097.json"
"485268","36127","2025-11-12","25.00","AUD","1761833097","101429/2025-11-12/1761833097.json"
"485268","36127","2025-11-15","25.00","AUD","1761833097","101429/2025-11-15/1761833097.json"
"485268","36127","2025-11-16","25.00","AUD","1761833097","101429/2025-11-16/1761833097.json"
"485268","36127","2025-11-14","25.00","AUD","1761833097","101429/2025-11-14/1761833097.json"
"485268","36127","2025-11-17","25.00","AUD","1761833097","101429/2025-11-17/1761833097.json"
"485268","36127","2025-11-18","25.00","AUD","1761833097","101429/2025-11-18/1761833097.json"
"485268","36127","2025-11-19","25.00","AUD","1761833097","101429/2025-11-19/1761833097.json"
"485268","36127","2025-11-20","25.00","AUD","1761833097","101429/2025-11-20/1761833097.json"
"485268","36127","2025-11-22","25.00","AUD","1761833097","101429/2025-11-22/1761833097.json"
"485268","36127","2025-11-21","25.00","AUD","1761833097","101429/2025-11-21/1761833097.json"
"485268","36127","2025-11-23","25.00","AUD","1761833097","101429/2025-11-23/1761833097.json"
"485268","36127","2025-11-24","25.00","AUD","1761833097","101429/2025-11-24/1761833097.json"
"485268","36127","2025-11-29","25.00","AUD","1761833097","101429/2025-11-29/1761833097.json"
"485268","36127","2025-11-30","25.00","AUD","1761833097","101429/2025-11-30/1761833097.json"
"485268","36127","2025-11-01","25.00","AUD","1761844488","101429/2025-11-01/1761844488.json"
"485268","36127","2025-11-02","25.00","AUD","1761844488","101429/2025-11-02/1761844488.json"
"485268","36127","2025-11-03","25.00","AUD","1761844488","101429/2025-11-03/1761844488.json"
"485268","36127","2025-11-05","25.00","AUD","1761844488","101429/2025-11-05/1761844488.json"
"485268","36127","2025-11-04","25.00","AUD","1761844488","101429/2025-11-04/1761844488.json"
"485268","36127","2025-11-06","25.00","AUD","1761844488","101429/2025-11-06/1761844488.json"
"485268","36127","2025-11-07","25.00","AUD","1761844488","101429/2025-11-07/1761844488.json"
"485268","36127","2025-11-09","25.00","AUD","1761844488","101429/2025-11-09/1761844488.json"
"485268","36127","2025-11-10","25.00","AUD","1761844488","101429/2025-11-10/1761844488.json"
"485268","36127","2025-11-08","25.00","AUD","1761844488","101429/2025-11-08/1761844488.json"
"485268","36127","2025-11-11","25.00","AUD","1761844488","101429/2025-11-11/1761844488.json"
"485268","36127","2025-11-12","25.00","AUD","1761844488","101429/2025-11-12/1761844488.json"
"485268","36127","2025-11-13","25.00","AUD","1761844488","101429/2025-11-13/1761844488.json"
"485268","36127","2025-11-14","25.00","AUD","1761844488","101429/2025-11-14/1761844488.json"
"485268","36127","2025-11-15","25.00","AUD","1761844488","101429/2025-11-15/1761844488.json"
"485268","36127","2025-11-16","25.00","AUD","1761844488","101429/2025-11-16/1761844488.json"
"485268","36127","2025-11-18","25.00","AUD","1761844488","101429/2025-11-18/1761844488.json"
"485268","36127","2025-11-17","25.00","AUD","1761844488","101429/2025-11-17/1761844488.json"
"485268","36127","2025-11-19","25.00","AUD","1761844488","101429/2025-11-19/1761844488.json"
"485268","36127","2025-11-20","25.00","AUD","1761844488","101429/2025-11-20/1761844488.json"
"485268","36127","2025-11-21","25.00","AUD","1761844488","101429/2025-11-21/1761844488.json"
"485268","36127","2025-11-22","25.00","AUD","1761844488","101429/2025-11-22/1761844488.json"
"485268","36127","2025-11-24","25.00","AUD","1761844488","101429/2025-11-24/1761844488.json"
"485268","36127","2025-11-23","25.00","AUD","1761844488","101429/2025-11-23/1761844488.json"
"485268","36127","2025-11-29","25.00","AUD","1761844488","101429/2025-11-29/1761844488.json"
"485268","36127","2025-11-30","25.00","AUD","1761844488","101429/2025-11-30/1761844488.json"
"485268","36127","2025-11-01","25.00","AUD","1761858115","101429/2025-11-01/1761858115.json"
"485268","36127","2025-11-02","25.00","AUD","1761858115","101429/2025-11-02/1761858115.json"
"485268","36127","2025-11-03","25.00","AUD","1761858115","101429/2025-11-03/1761858115.json"
"485268","36127","2025-11-04","25.00","AUD","1761858115","101429/2025-11-04/1761858115.json"
"485268","36127","2025-11-05","25.00","AUD","1761858115","101429/2025-11-05/1761858115.json"
"485268","36127","2025-11-06","25.00","AUD","1761858115","101429/2025-11-06/1761858115.json"
"485268","36127","2025-11-07","25.00","AUD","1761858115","101429/2025-11-07/1761858115.json"
"485268","36127","2025-11-09","25.00","AUD","1761858115","101429/2025-11-09/1761858115.json"
"485268","36127","2025-11-08","25.00","AUD","1761858115","101429/2025-11-08/1761858115.json"
"485268","36127","2025-11-11","25.00","AUD","1761858115","101429/2025-11-11/1761858115.json"
"485268","36127","2025-11-10","25.00","AUD","1761858115","101429/2025-11-10/1761858115.json"
"485268","36127","2025-11-13","25.00","AUD","1761858115","101429/2025-11-13/1761858115.json"
"485268","36127","2025-11-12","25.00","AUD","1761858115","101429/2025-11-12/1761858115.json"
"485268","36127","2025-11-15","25.00","AUD","1761858115","101429/2025-11-15/1761858115.json"
"485268","36127","2025-11-14","25.00","AUD","1761858115","101429/2025-11-14/1761858115.json"
"485268","36127","2025-11-16","25.00","AUD","1761858115","101429/2025-11-16/1761858115.json"
"485268","36127","2025-11-18","25.00","AUD","1761858115","101429/2025-11-18/1761858115.json"
"485268","36127","2025-11-17","25.00","AUD","1761858115","101429/2025-11-17/1761858115.json"
"485268","36127","2025-11-19","25.00","AUD","1761858115","101429/2025-11-19/1761858115.json"
"485268","36127","2025-11-21","25.00","AUD","1761858115","101429/2025-11-21/1761858115.json"
"485268","36127","2025-11-20","25.00","AUD","1761858115","101429/2025-11-20/1761858115.json"
"485268","36127","2025-11-22","25.00","AUD","1761858115","101429/2025-11-22/1761858115.json"
"485268","36127","2025-11-23","25.00","AUD","1761858115","101429/2025-11-23/1761858115.json"
"485268","36127","2025-11-24","25.00","AUD","1761858115","101429/2025-11-24/1761858115.json"
"485268","36127","2025-11-29","25.00","AUD","1761858115","101429/2025-11-29/1761858115.json"
"485268","36127","2025-11-30","25.00","AUD","1761858115","101429/2025-11-30/1761858115.json"
"485268","36127","2025-11-02","25.00","AUD","1761882955","101429/2025-11-02/1761882955.json"
"485268","36127","2025-11-01","25.00","AUD","1761882955","101429/2025-11-01/1761882955.json"
"485268","36127","2025-11-03","25.00","AUD","1761882955","101429/2025-11-03/1761882955.json"
"485268","36127","2025-11-07","25.00","AUD","1761882955","101429/2025-11-07/1761882955.json"
"485268","36127","2025-11-04","25.00","AUD","1761882955","101429/2025-11-04/1761882955.json"
"485268","36127","2025-11-06","25.00","AUD","1761882955","101429/2025-11-06/1761882955.json"
"485268","36127","2025-11-05","25.00","AUD","1761882955","101429/2025-11-05/1761882955.json"
"485268","36127","2025-11-08","25.00","AUD","1761882955","101429/2025-11-08/1761882955.json"
"485268","36127","2025-11-09","25.00","AUD","1761882955","101429/2025-11-09/1761882955.json"
"485268","36127","2025-11-10","25.00","AUD","1761882955","101429/2025-11-10/1761882955.json"
"485268","36127","2025-11-11","25.00","AUD","1761882955","101429/2025-11-11/1761882955.json"
"485268","36127","2025-11-12","25.00","AUD","1761882955","101429/2025-11-12/1761882955.json"
"485268","36127","2025-11-13","25.00","AUD","1761882955","101429/2025-11-13/1761882955.json"
"485268","36127","2025-11-14","25.00","AUD","1761882955","101429/2025-11-14/1761882955.json"
"485268","36127","2025-11-15","25.00","AUD","1761882955","101429/2025-11-15/1761882955.json"
"485268","36127","2025-11-16","25.00","AUD","1761882955","101429/2025-11-16/1761882955.json"
"485268","36127","2025-11-17","25.00","AUD","1761882955","101429/2025-11-17/1761882955.json"
"485268","36127","2025-11-19","25.00","AUD","1761882955","101429/2025-11-19/1761882955.json"
"485268","36127","2025-11-18","25.00","AUD","1761882955","101429/2025-11-18/1761882955.json"
"485268","36127","2025-11-20","25.00","AUD","1761882955","101429/2025-11-20/1761882955.json"
"485268","36127","2025-11-22","25.00","AUD","1761882955","101429/2025-11-22/1761882955.json"
"485268","36127","2025-11-23","25.00","AUD","1761882955","101429/2025-11-23/1761882955.json"
"485268","36127","2025-11-21","25.00","AUD","1761882955","101429/2025-11-21/1761882955.json"
"485268","36127","2025-11-24","25.00","AUD","1761882955","101429/2025-11-24/1761882955.json"
"485268","36127","2025-11-29","25.00","AUD","1761882955","101429/2025-11-29/1761882955.json"
"485268","36127","2025-11-30","25.00","AUD","1761882955","101429/2025-11-30/1761882955.json"
"485268","36127","2025-11-03","25.00","AUD","1761887227","101429/2025-11-03/1761887227.json"
"485268","36127","2025-11-02","25.00","AUD","1761887227","101429/2025-11-02/1761887227.json"
"485268","36127","2025-11-04","25.00","AUD","1761887227","101429/2025-11-04/1761887227.json"
"485268","36127","2025-11-06","25.00","AUD","1761887227","101429/2025-11-06/1761887227.json"
"485268","36127","2025-11-05","25.00","AUD","1761887227","101429/2025-11-05/1761887227.json"
"485268","36127","2025-11-01","25.00","AUD","1761887227","101429/2025-11-01/1761887227.json"
"485268","36127","2025-11-10","25.00","AUD","1761887227","101429/2025-11-10/1761887227.json"
"485268","36127","2025-11-09","25.00","AUD","1761887227","101429/2025-11-09/1761887227.json"
"485268","36127","2025-11-07","25.00","AUD","1761887227","101429/2025-11-07/1761887227.json"
"485268","36127","2025-11-08","25.00","AUD","1761887227","101429/2025-11-08/1761887227.json"
"485268","36127","2025-11-12","25.00","AUD","1761887227","101429/2025-11-12/1761887227.json"
"485268","36127","2025-11-11","25.00","AUD","1761887227","101429/2025-11-11/1761887227.json"
"485268","36127","2025-11-14","25.00","AUD","1761887227","101429/2025-11-14/1761887227.json"
"485268","36127","2025-11-13","25.00","AUD","1761887227","101429/2025-11-13/1761887227.json"
"485268","36127","2025-11-15","25.00","AUD","1761887227","101429/2025-11-15/1761887227.json"
"485268","36127","2025-11-16","25.00","AUD","1761887227","101429/2025-11-16/1761887227.json"
"485268","36127","2025-11-18","25.00","AUD","1761887227","101429/2025-11-18/1761887227.json"
"485268","36127","2025-11-17","25.00","AUD","1761887227","101429/2025-11-17/1761887227.json"
"485268","36127","2025-11-19","25.00","AUD","1761887227","101429/2025-11-19/1761887227.json"
"485268","36127","2025-11-20","25.00","AUD","1761887227","101429/2025-11-20/1761887227.json"
"485268","36127","2025-11-22","25.00","AUD","1761887227","101429/2025-11-22/1761887227.json"
"485268","36127","2025-11-21","25.00","AUD","1761887227","101429/2025-11-21/1761887227.json"
"485268","36127","2025-11-23","25.00","AUD","1761887227","101429/2025-11-23/1761887227.json"
"485268","36127","2025-11-24","25.00","AUD","1761887227","101429/2025-11-24/1761887227.json"
"485268","36127","2025-11-29","25.00","AUD","1761887227","101429/2025-11-29/1761887227.json"
"485268","36127","2025-11-30","25.00","AUD","1761887227","101429/2025-11-30/1761887227.json"
"485268","36127","2025-11-01","25.00","AUD","1761901960","101429/2025-11-01/1761901960.json"
"485268","36127","2025-11-03","25.00","AUD","1761901960","101429/2025-11-03/1761901960.json"
"485268","36127","2025-11-02","25.00","AUD","1761901960","101429/2025-11-02/1761901960.json"
"485268","36127","2025-11-07","25.00","AUD","1761901960","101429/2025-11-07/1761901960.json"
"485268","36127","2025-11-05","25.00","AUD","1761901960","101429/2025-11-05/1761901960.json"
"485268","36127","2025-11-04","25.00","AUD","1761901960","101429/2025-11-04/1761901960.json"
"485268","36127","2025-11-06","25.00","AUD","1761901960","101429/2025-11-06/1761901960.json"
"485268","36127","2025-11-08","25.00","AUD","1761901960","101429/2025-11-08/1761901960.json"
"485268","36127","2025-11-09","25.00","AUD","1761901960","101429/2025-11-09/1761901960.json"
"485268","36127","2025-11-11","25.00","AUD","1761901960","101429/2025-11-11/1761901960.json"
"485268","36127","2025-11-12","25.00","AUD","1761901960","101429/2025-11-12/1761901960.json"
"485268","36127","2025-11-13","25.00","AUD","1761901960","101429/2025-11-13/1761901960.json"
"485268","36127","2025-11-15","25.00","AUD","1761901960","101429/2025-11-15/1761901960.json"
"485268","36127","2025-11-14","25.00","AUD","1761901960","101429/2025-11-14/1761901960.json"
"485268","36127","2025-11-16","25.00","AUD","1761901960","101429/2025-11-16/1761901960.json"
"485268","36127","2025-11-18","25.00","AUD","1761901960","101429/2025-11-18/1761901960.json"
"485268","36127","2025-11-17","25.00","AUD","1761901960","101429/2025-11-17/1761901960.json"
"485268","36127","2025-11-19","25.00","AUD","1761901960","101429/2025-11-19/1761901960.json"
"485268","36127","2025-11-20","25.00","AUD","1761901960","101429/2025-11-20/1761901960.json"
"485268","36127","2025-11-21","25.00","AUD","1761901960","101429/2025-11-21/1761901960.json"
"485268","36127","2025-11-22","25.00","AUD","1761901960","101429/2025-11-22/1761901960.json"
"485268","36127","2025-11-10","25.00","AUD","1761901960","101429/2025-11-10/1761901960.json"
"485268","36127","2025-11-23","25.00","AUD","1761901960","101429/2025-11-23/1761901960.json"
"485268","36127","2025-11-24","25.00","AUD","1761901960","101429/2025-11-24/1761901960.json"
"485268","36127","2025-11-29","25.00","AUD","1761901960","101429/2025-11-29/1761901960.json"
"485268","36127","2025-11-30","25.00","AUD","1761901960","101429/2025-11-30/1761901960.json"
"485268","36127","2025-11-01","25.00","AUD","1761919466","101429/2025-11-01/1761919466.json"
"485268","36127","2025-11-03","25.00","AUD","1761919466","101429/2025-11-03/1761919466.json"
"485268","36127","2025-11-02","25.00","AUD","1761919466","101429/2025-11-02/1761919466.json"
"485268","36127","2025-11-04","25.00","AUD","1761919466","101429/2025-11-04/1761919466.json"
"485268","36127","2025-11-05","25.00","AUD","1761919466","101429/2025-11-05/1761919466.json"
"485268","36127","2025-11-06","25.00","AUD","1761919466","101429/2025-11-06/1761919466.json"
"485268","36127","2025-11-07","25.00","AUD","1761919466","101429/2025-11-07/1761919466.json"
"485268","36127","2025-11-08","25.00","AUD","1761919466","101429/2025-11-08/1761919466.json"
"485268","36127","2025-11-10","25.00","AUD","1761919466","101429/2025-11-10/1761919466.json"
"485268","36127","2025-11-11","25.00","AUD","1761919466","101429/2025-11-11/1761919466.json"
"485268","36127","2025-11-09","25.00","AUD","1761919466","101429/2025-11-09/1761919466.json"
"485268","36127","2025-11-12","25.00","AUD","1761919466","101429/2025-11-12/1761919466.json"
"485268","36127","2025-11-13","25.00","AUD","1761919466","101429/2025-11-13/1761919466.json"
"485268","36127","2025-11-14","25.00","AUD","1761919466","101429/2025-11-14/1761919466.json"
"485268","36127","2025-11-15","25.00","AUD","1761919466","101429/2025-11-15/1761919466.json"
"485268","36127","2025-11-17","25.00","AUD","1761919466","101429/2025-11-17/1761919466.json"
"485268","36127","2025-11-18","25.00","AUD","1761919466","101429/2025-11-18/1761919466.json"
"485268","36127","2025-11-16","25.00","AUD","1761919466","101429/2025-11-16/1761919466.json"
"485268","36127","2025-11-19","25.00","AUD","1761919466","101429/2025-11-19/1761919466.json"
"485268","36127","2025-11-20","25.00","AUD","1761919466","101429/2025-11-20/1761919466.json"
"485268","36127","2025-11-21","25.00","AUD","1761919466","101429/2025-11-21/1761919466.json"
"485268","36127","2025-11-22","25.00","AUD","1761919466","101429/2025-11-22/1761919466.json"
"485268","36127","2025-11-23","25.00","AUD","1761919466","101429/2025-11-23/1761919466.json"
"485268","36127","2025-11-24","25.00","AUD","1761919466","101429/2025-11-24/1761919466.json"
"485268","36127","2025-11-29","25.00","AUD","1761919466","101429/2025-11-29/1761919466.json"
"485268","36127","2025-11-30","25.00","AUD","1761919466","101429/2025-11-30/1761919466.json"
"485268","36127","2025-11-03","25.00","AUD","1761930787","101429/2025-11-03/1761930787.json"
"485268","36127","2025-11-01","25.00","AUD","1761930787","101429/2025-11-01/1761930787.json"
"485268","36127","2025-11-02","25.00","AUD","1761930787","101429/2025-11-02/1761930787.json"
"485268","36127","2025-11-04","25.00","AUD","1761930787","101429/2025-11-04/1761930787.json"
"485268","36127","2025-11-07","25.00","AUD","1761930787","101429/2025-11-07/1761930787.json"
"485268","36127","2025-11-06","25.00","AUD","1761930787","101429/2025-11-06/1761930787.json"
"485268","36127","2025-11-05","25.00","AUD","1761930787","101429/2025-11-05/1761930787.json"
"485268","36127","2025-11-08","25.00","AUD","1761930787","101429/2025-11-08/1761930787.json"
"485268","36127","2025-11-09","25.00","AUD","1761930787","101429/2025-11-09/1761930787.json"
"485268","36127","2025-11-10","25.00","AUD","1761930787","101429/2025-11-10/1761930787.json"
"485268","36127","2025-11-11","25.00","AUD","1761930787","101429/2025-11-11/1761930787.json"
"485268","36127","2025-11-12","25.00","AUD","1761930787","101429/2025-11-12/1761930787.json"
"485268","36127","2025-11-14","25.00","AUD","1761930787","101429/2025-11-14/1761930787.json"
"485268","36127","2025-11-13","25.00","AUD","1761930787","101429/2025-11-13/1761930787.json"
"485268","36127","2025-11-16","25.00","AUD","1761930787","101429/2025-11-16/1761930787.json"
"485268","36127","2025-11-15","25.00","AUD","1761930787","101429/2025-11-15/1761930787.json"
"485268","36127","2025-11-17","25.00","AUD","1761930787","101429/2025-11-17/1761930787.json"
"485268","36127","2025-11-20","25.00","AUD","1761930787","101429/2025-11-20/1761930787.json"
"485268","36127","2025-11-18","25.00","AUD","1761930787","101429/2025-11-18/1761930787.json"
"485268","36127","2025-11-19","25.00","AUD","1761930787","101429/2025-11-19/1761930787.json"
"485268","36127","2025-11-23","25.00","AUD","1761930787","101429/2025-11-23/1761930787.json"
"485268","36127","2025-11-21","25.00","AUD","1761930787","101429/2025-11-21/1761930787.json"
"485268","36127","2025-11-22","25.00","AUD","1761930787","101429/2025-11-22/1761930787.json"
"485268","36127","2025-11-24","25.00","AUD","1761930787","101429/2025-11-24/1761930787.json"
"485268","36127","2025-11-29","25.00","AUD","1761930787","101429/2025-11-29/1761930787.json"
"485268","36127","2025-11-30","25.00","AUD","1761930787","101429/2025-11-30/1761930787.json"
"485268","36127","2025-11-03","25.00","AUD","1761944496","101429/2025-11-03/1761944496.json"
"485268","36127","2025-11-04","25.00","AUD","1761944496","101429/2025-11-04/1761944496.json"
"485268","36127","2025-11-01","25.00","AUD","1761944496","101429/2025-11-01/1761944496.json"
"485268","36127","2025-11-05","25.00","AUD","1761944496","101429/2025-11-05/1761944496.json"
"485268","36127","2025-11-06","25.00","AUD","1761944496","101429/2025-11-06/1761944496.json"
"485268","36127","2025-11-07","25.00","AUD","1761944496","101429/2025-11-07/1761944496.json"
"485268","36127","2025-11-08","25.00","AUD","1761944496","101429/2025-11-08/1761944496.json"
"485268","36127","2025-11-09","25.00","AUD","1761944496","101429/2025-11-09/1761944496.json"
"485268","36127","2025-11-10","25.00","AUD","1761944496","101429/2025-11-10/1761944496.json"
"485268","36127","2025-11-11","25.00","AUD","1761944496","101429/2025-11-11/1761944496.json"
"485268","36127","2025-11-12","25.00","AUD","1761944496","101429/2025-11-12/1761944496.json"
"485268","36127","2025-11-13","25.00","AUD","1761944496","101429/2025-11-13/1761944496.json"
"485268","36127","2025-11-14","25.00","AUD","1761944496","101429/2025-11-14/1761944496.json"
"485268","36127","2025-11-16","25.00","AUD","1761944496","101429/2025-11-16/1761944496.json"
"485268","36127","2025-11-17","25.00","AUD","1761944496","101429/2025-11-17/1761944496.json"
"485268","36127","2025-11-15","25.00","AUD","1761944496","101429/2025-11-15/1761944496.json"
"485268","36127","2025-11-18","25.00","AUD","1761944496","101429/2025-11-18/1761944496.json"
"485268","36127","2025-11-19","25.00","AUD","1761944496","101429/2025-11-19/1761944496.json"
"485268","36127","2025-11-20","25.00","AUD","1761944496","101429/2025-11-20/1761944496.json"
"485268","36127","2025-11-21","25.00","AUD","1761944496","101429/2025-11-21/1761944496.json"
"485268","36127","2025-11-23","25.00","AUD","1761944496","101429/2025-11-23/1761944496.json"
"485268","36127","2025-11-22","25.00","AUD","1761944496","101429/2025-11-22/1761944496.json"
"485268","36127","2025-11-24","25.00","AUD","1761944496","101429/2025-11-24/1761944496.json"
"485268","36127","2025-11-29","25.00","AUD","1761944496","101429/2025-11-29/1761944496.json"
"485268","36127","2025-11-30","25.00","AUD","1761944496","101429/2025-11-30/1761944496.json"
"485268","36127","2025-11-02","25.00","AUD","1761944496","101429/2025-11-02/1761944496.json"
"485268","36127","2025-11-02","25.00","AUD","1761969495","101429/2025-11-02/1761969495.json"
"485268","36127","2025-11-04","25.00","AUD","1761969495","101429/2025-11-04/1761969495.json"
"485268","36127","2025-11-03","25.00","AUD","1761969495","101429/2025-11-03/1761969495.json"
"485268","36127","2025-11-01","25.00","AUD","1761969495","101429/2025-11-01/1761969495.json"
"485268","36127","2025-11-07","25.00","AUD","1761969495","101429/2025-11-07/1761969495.json"
"485268","36127","2025-11-08","25.00","AUD","1761969495","101429/2025-11-08/1761969495.json"
"485268","36127","2025-11-05","25.00","AUD","1761969495","101429/2025-11-05/1761969495.json"
"485268","36127","2025-11-06","25.00","AUD","1761969495","101429/2025-11-06/1761969495.json"
"485268","36127","2025-11-09","25.00","AUD","1761969495","101429/2025-11-09/1761969495.json"
"485268","36127","2025-11-10","25.00","AUD","1761969495","101429/2025-11-10/1761969495.json"
"485268","36127","2025-11-11","25.00","AUD","1761969495","101429/2025-11-11/1761969495.json"
"485268","36127","2025-11-12","25.00","AUD","1761969495","101429/2025-11-12/1761969495.json"
"485268","36127","2025-11-13","25.00","AUD","1761969495","101429/2025-11-13/1761969495.json"
"485268","36127","2025-11-14","25.00","AUD","1761969495","101429/2025-11-14/1761969495.json"
"485268","36127","2025-11-15","25.00","AUD","1761969495","101429/2025-11-15/1761969495.json"
"485268","36127","2025-11-16","25.00","AUD","1761969495","101429/2025-11-16/1761969495.json"
"485268","36127","2025-11-17","25.00","AUD","1761969495","101429/2025-11-17/1761969495.json"
"485268","36127","2025-11-18","25.00","AUD","1761969495","101429/2025-11-18/1761969495.json"
"485268","36127","2025-11-19","25.00","AUD","1761969495","101429/2025-11-19/1761969495.json"
"485268","36127","2025-11-20","25.00","AUD","1761969495","101429/2025-11-20/1761969495.json"
"485268","36127","2025-11-21","25.00","AUD","1761969495","101429/2025-11-21/1761969495.json"
"485268","36127","2025-11-22","25.00","AUD","1761969495","101429/2025-11-22/1761969495.json"
"485268","36127","2025-11-23","25.00","AUD","1761969495","101429/2025-11-23/1761969495.json"
"485268","36127","2025-11-24","25.00","AUD","1761969495","101429/2025-11-24/1761969495.json"
"485268","36127","2025-11-30","25.00","AUD","1761969495","101429/2025-11-30/1761969495.json"
"485268","36127","2025-11-29","25.00","AUD","1761969495","101429/2025-11-29/1761969495.json"
"485268","36127","2025-11-03","25.00","AUD","1761973183","101429/2025-11-03/1761973183.json"
"485268","36127","2025-11-04","25.00","AUD","1761973183","101429/2025-11-04/1761973183.json"
"485268","36127","2025-11-01","25.00","AUD","1761973183","101429/2025-11-01/1761973183.json"
"485268","36127","2025-11-02","25.00","AUD","1761973183","101429/2025-11-02/1761973183.json"
"485268","36127","2025-11-08","25.00","AUD","1761973183","101429/2025-11-08/1761973183.json"
"485268","36127","2025-11-05","25.00","AUD","1761973183","101429/2025-11-05/1761973183.json"
"485268","36127","2025-11-06","25.00","AUD","1761973183","101429/2025-11-06/1761973183.json"
"485268","36127","2025-11-07","25.00","AUD","1761973183","101429/2025-11-07/1761973183.json"
"485268","36127","2025-11-11","25.00","AUD","1761973183","101429/2025-11-11/1761973183.json"
"485268","36127","2025-11-10","25.00","AUD","1761973183","101429/2025-11-10/1761973183.json"
"485268","36127","2025-11-12","25.00","AUD","1761973183","101429/2025-11-12/1761973183.json"
"485268","36127","2025-11-09","25.00","AUD","1761973183","101429/2025-11-09/1761973183.json"
"485268","36127","2025-11-13","25.00","AUD","1761973183","101429/2025-11-13/1761973183.json"
"485268","36127","2025-11-14","25.00","AUD","1761973183","101429/2025-11-14/1761973183.json"
"485268","36127","2025-11-16","25.00","AUD","1761973183","101429/2025-11-16/1761973183.json"
"485268","36127","2025-11-15","25.00","AUD","1761973183","101429/2025-11-15/1761973183.json"
"485268","36127","2025-11-18","25.00","AUD","1761973183","101429/2025-11-18/1761973183.json"
"485268","36127","2025-11-17","25.00","AUD","1761973183","101429/2025-11-17/1761973183.json"
"485268","36127","2025-11-19","25.00","AUD","1761973183","101429/2025-11-19/1761973183.json"
"485268","36127","2025-11-20","25.00","AUD","1761973183","101429/2025-11-20/1761973183.json"
"485268","36127","2025-11-21","25.00","AUD","1761973183","101429/2025-11-21/1761973183.json"
"485268","36127","2025-11-22","25.00","AUD","1761973183","101429/2025-11-22/1761973183.json"
"485268","36127","2025-11-23","25.00","AUD","1761973183","101429/2025-11-23/1761973183.json"
"485268","36127","2025-11-24","25.00","AUD","1761973183","101429/2025-11-24/1761973183.json"
"485268","36127","2025-11-29","25.00","AUD","1761973183","101429/2025-11-29/1761973183.json"
"485268","36127","2025-11-30","25.00","AUD","1761973183","101429/2025-11-30/1761973183.json"
"485268","36127","2025-11-03","25.00","AUD","1761987764","101429/2025-11-03/1761987764.json"
"485268","36127","2025-11-04","25.00","AUD","1761987764","101429/2025-11-04/1761987764.json"
"485268","36127","2025-11-06","25.00","AUD","1761987764","101429/2025-11-06/1761987764.json"
"485268","36127","2025-11-05","25.00","AUD","1761987764","101429/2025-11-05/1761987764.json"
"485268","36127","2025-11-08","25.00","AUD","1761987764","101429/2025-11-08/1761987764.json"
"485268","36127","2025-11-07","25.00","AUD","1761987764","101429/2025-11-07/1761987764.json"
"485268","36127","2025-11-09","25.00","AUD","1761987764","101429/2025-11-09/1761987764.json"
"485268","36127","2025-11-11","25.00","AUD","1761987764","101429/2025-11-11/1761987764.json"
"485268","36127","2025-11-12","25.00","AUD","1761987764","101429/2025-11-12/1761987764.json"
"485268","36127","2025-11-10","25.00","AUD","1761987764","101429/2025-11-10/1761987764.json"
"485268","36127","2025-11-14","25.00","AUD","1761987764","101429/2025-11-14/1761987764.json"
"485268","36127","2025-11-16","25.00","AUD","1761987764","101429/2025-11-16/1761987764.json"
"485268","36127","2025-11-13","25.00","AUD","1761987764","101429/2025-11-13/1761987764.json"
"485268","36127","2025-11-15","25.00","AUD","1761987764","101429/2025-11-15/1761987764.json"
"485268","36127","2025-11-17","25.00","AUD","1761987764","101429/2025-11-17/1761987764.json"
"485268","36127","2025-11-19","25.00","AUD","1761987764","101429/2025-11-19/1761987764.json"
"485268","36127","2025-11-18","25.00","AUD","1761987764","101429/2025-11-18/1761987764.json"
"485268","36127","2025-11-20","25.00","AUD","1761987764","101429/2025-11-20/1761987764.json"
"485268","36127","2025-11-21","25.00","AUD","1761987764","101429/2025-11-21/1761987764.json"
"485268","36127","2025-11-22","25.00","AUD","1761987764","101429/2025-11-22/1761987764.json"
"485268","36127","2025-11-23","25.00","AUD","1761987764","101429/2025-11-23/1761987764.json"
"485268","36127","2025-11-24","25.00","AUD","1761987764","101429/2025-11-24/1761987764.json"
"485268","36127","2025-11-30","25.00","AUD","1761987764","101429/2025-11-30/1761987764.json"
"485268","36127","2025-11-29","25.00","AUD","1761987764","101429/2025-11-29/1761987764.json"
"485268","36127","2025-11-03","25.00","AUD","1762003684","101429/2025-11-03/1762003684.json"
"485268","36127","2025-11-04","25.00","AUD","1762003684","101429/2025-11-04/1762003684.json"
"485268","36127","2025-11-05","25.00","AUD","1762003684","101429/2025-11-05/1762003684.json"
"485268","36127","2025-11-06","25.00","AUD","1762003684","101429/2025-11-06/1762003684.json"
"485268","36127","2025-11-08","25.00","AUD","1762003684","101429/2025-11-08/1762003684.json"
"485268","36127","2025-11-07","25.00","AUD","1762003684","101429/2025-11-07/1762003684.json"
"485268","36127","2025-11-09","25.00","AUD","1762003684","101429/2025-11-09/1762003684.json"
"485268","36127","2025-11-10","25.00","AUD","1762003684","101429/2025-11-10/1762003684.json"
"485268","36127","2025-11-12","25.00","AUD","1762003684","101429/2025-11-12/1762003684.json"
"485268","36127","2025-11-11","25.00","AUD","1762003684","101429/2025-11-11/1762003684.json"
"485268","36127","2025-11-13","25.00","AUD","1762003684","101429/2025-11-13/1762003684.json"
"485268","36127","2025-11-14","25.00","AUD","1762003684","101429/2025-11-14/1762003684.json"
"485268","36127","2025-11-15","25.00","AUD","1762003684","101429/2025-11-15/1762003684.json"
"485268","36127","2025-11-16","25.00","AUD","1762003684","101429/2025-11-16/1762003684.json"
"485268","36127","2025-11-18","25.00","AUD","1762003684","101429/2025-11-18/1762003684.json"
"485268","36127","2025-11-19","25.00","AUD","1762003684","101429/2025-11-19/1762003684.json"
"485268","36127","2025-11-17","25.00","AUD","1762003684","101429/2025-11-17/1762003684.json"
"485268","36127","2025-11-20","25.00","AUD","1762003684","101429/2025-11-20/1762003684.json"
"485268","36127","2025-11-21","25.00","AUD","1762003684","101429/2025-11-21/1762003684.json"
"485268","36127","2025-11-23","25.00","AUD","1762003684","101429/2025-11-23/1762003684.json"
"485268","36127","2025-11-22","25.00","AUD","1762003684","101429/2025-11-22/1762003684.json"
"485268","36127","2025-11-24","25.00","AUD","1762003684","101429/2025-11-24/1762003684.json"
"485268","36127","2025-11-29","25.00","AUD","1762003684","101429/2025-11-29/1762003684.json"
"485268","36127","2025-11-30","25.00","AUD","1762003684","101429/2025-11-30/1762003684.json"
"485268","36127","2025-11-03","25.00","AUD","1762016473","101429/2025-11-03/1762016473.json"
"485268","36127","2025-11-04","25.00","AUD","1762016473","101429/2025-11-04/1762016473.json"
"485268","36127","2025-11-05","25.00","AUD","1762016473","101429/2025-11-05/1762016473.json"
"485268","36127","2025-11-07","25.00","AUD","1762016473","101429/2025-11-07/1762016473.json"
"485268","36127","2025-11-08","25.00","AUD","1762016473","101429/2025-11-08/1762016473.json"
"485268","36127","2025-11-06","25.00","AUD","1762016473","101429/2025-11-06/1762016473.json"
"485268","36127","2025-11-09","25.00","AUD","1762016473","101429/2025-11-09/1762016473.json"
"485268","36127","2025-11-10","25.00","AUD","1762016473","101429/2025-11-10/1762016473.json"
"485268","36127","2025-11-12","25.00","AUD","1762016473","101429/2025-11-12/1762016473.json"
"485268","36127","2025-11-11","25.00","AUD","1762016473","101429/2025-11-11/1762016473.json"
"485268","36127","2025-11-13","25.00","AUD","1762016473","101429/2025-11-13/1762016473.json"
"485268","36127","2025-11-14","25.00","AUD","1762016473","101429/2025-11-14/1762016473.json"
"485268","36127","2025-11-15","25.00","AUD","1762016473","101429/2025-11-15/1762016473.json"
"485268","36127","2025-11-16","25.00","AUD","1762016473","101429/2025-11-16/1762016473.json"
"485268","36127","2025-11-17","25.00","AUD","1762016473","101429/2025-11-17/1762016473.json"
"485268","36127","2025-11-18","25.00","AUD","1762016473","101429/2025-11-18/1762016473.json"
"485268","36127","2025-11-19","25.00","AUD","1762016473","101429/2025-11-19/1762016473.json"
"485268","36127","2025-11-20","25.00","AUD","1762016473","101429/2025-11-20/1762016473.json"
"485268","36127","2025-11-21","25.00","AUD","1762016473","101429/2025-11-21/1762016473.json"
"485268","36127","2025-11-22","25.00","AUD","1762016473","101429/2025-11-22/1762016473.json"
"485268","36127","2025-11-23","25.00","AUD","1762016473","101429/2025-11-23/1762016473.json"
"485268","36127","2025-11-24","25.00","AUD","1762016473","101429/2025-11-24/1762016473.json"
"485268","36127","2025-11-29","25.00","AUD","1762016473","101429/2025-11-29/1762016473.json"
"485268","36127","2025-11-30","25.00","AUD","1762016473","101429/2025-11-30/1762016473.json"
"485268","36127","2025-11-03","25.00","AUD","1762030410","101429/2025-11-03/1762030410.json"
"485268","36127","2025-11-05","25.00","AUD","1762030410","101429/2025-11-05/1762030410.json"
"485268","36127","2025-11-04","25.00","AUD","1762030410","101429/2025-11-04/1762030410.json"
"485268","36127","2025-11-06","25.00","AUD","1762030410","101429/2025-11-06/1762030410.json"
"485268","36127","2025-11-09","25.00","AUD","1762030410","101429/2025-11-09/1762030410.json"
"485268","36127","2025-11-08","25.00","AUD","1762030410","101429/2025-11-08/1762030410.json"
"485268","36127","2025-11-07","25.00","AUD","1762030410","101429/2025-11-07/1762030410.json"
"485268","36127","2025-11-10","25.00","AUD","1762030410","101429/2025-11-10/1762030410.json"
"485268","36127","2025-11-12","25.00","AUD","1762030410","101429/2025-11-12/1762030410.json"
"485268","36127","2025-11-13","25.00","AUD","1762030410","101429/2025-11-13/1762030410.json"
"485268","36127","2025-11-11","25.00","AUD","1762030410","101429/2025-11-11/1762030410.json"
"485268","36127","2025-11-14","25.00","AUD","1762030410","101429/2025-11-14/1762030410.json"
"485268","36127","2025-11-16","25.00","AUD","1762030410","101429/2025-11-16/1762030410.json"
"485268","36127","2025-11-15","25.00","AUD","1762030410","101429/2025-11-15/1762030410.json"
"485268","36127","2025-11-17","25.00","AUD","1762030410","101429/2025-11-17/1762030410.json"
"485268","36127","2025-11-18","25.00","AUD","1762030410","101429/2025-11-18/1762030410.json"
"485268","36127","2025-11-21","25.00","AUD","1762030410","101429/2025-11-21/1762030410.json"
"485268","36127","2025-11-20","25.00","AUD","1762030410","101429/2025-11-20/1762030410.json"
"485268","36127","2025-11-22","25.00","AUD","1762030410","101429/2025-11-22/1762030410.json"
"485268","36127","2025-11-23","25.00","AUD","1762030410","101429/2025-11-23/1762030410.json"
"485268","36127","2025-11-24","25.00","AUD","1762030410","101429/2025-11-24/1762030410.json"
"485268","36127","2025-11-29","25.00","AUD","1762030410","101429/2025-11-29/1762030410.json"
"485268","36127","2025-11-30","25.00","AUD","1762030410","101429/2025-11-30/1762030410.json"
"485268","36127","2025-11-19","25.00","AUD","1762030410","101429/2025-11-19/1762030410.json"
"485268","36127","2025-11-03","25.00","AUD","1762056064","101429/2025-11-03/1762056064.json"
"485268","36127","2025-11-04","25.00","AUD","1762056064","101429/2025-11-04/1762056064.json"
"485268","36127","2025-11-05","25.00","AUD","1762056064","101429/2025-11-05/1762056064.json"
"485268","36127","2025-11-08","25.00","AUD","1762056064","101429/2025-11-08/1762056064.json"
"485268","36127","2025-11-06","25.00","AUD","1762056064","101429/2025-11-06/1762056064.json"
"485268","36127","2025-11-07","25.00","AUD","1762056064","101429/2025-11-07/1762056064.json"
"485268","36127","2025-11-09","25.00","AUD","1762056064","101429/2025-11-09/1762056064.json"
"485268","36127","2025-11-10","25.00","AUD","1762056064","101429/2025-11-10/1762056064.json"
"485268","36127","2025-11-11","25.00","AUD","1762056064","101429/2025-11-11/1762056064.json"
"485268","36127","2025-11-12","25.00","AUD","1762056064","101429/2025-11-12/1762056064.json"
"485268","36127","2025-11-13","25.00","AUD","1762056064","101429/2025-11-13/1762056064.json"
"485268","36127","2025-11-14","25.00","AUD","1762056064","101429/2025-11-14/1762056064.json"
"485268","36127","2025-11-15","25.00","AUD","1762056064","101429/2025-11-15/1762056064.json"
"485268","36127","2025-11-16","25.00","AUD","1762056064","101429/2025-11-16/1762056064.json"
"485268","36127","2025-11-17","25.00","AUD","1762056064","101429/2025-11-17/1762056064.json"
"485268","36127","2025-11-19","25.00","AUD","1762056064","101429/2025-11-19/1762056064.json"
"485268","36127","2025-11-18","25.00","AUD","1762056064","101429/2025-11-18/1762056064.json"
"485268","36127","2025-11-20","25.00","AUD","1762056064","101429/2025-11-20/1762056064.json"
"485268","36127","2025-11-21","25.00","AUD","1762056064","101429/2025-11-21/1762056064.json"
"485268","36127","2025-11-22","25.00","AUD","1762056064","101429/2025-11-22/1762056064.json"
"485268","36127","2025-11-23","25.00","AUD","1762056064","101429/2025-11-23/1762056064.json"
"485268","36127","2025-11-24","25.00","AUD","1762056064","101429/2025-11-24/1762056064.json"
"485268","36127","2025-11-29","25.00","AUD","1762056064","101429/2025-11-29/1762056064.json"
"485268","36127","2025-11-30","25.00","AUD","1762056064","101429/2025-11-30/1762056064.json"
"485268","36127","2025-11-05","25.00","AUD","1762058426","101429/2025-11-05/1762058426.json"
"485268","36127","2025-11-04","25.00","AUD","1762058426","101429/2025-11-04/1762058426.json"
"485268","36127","2025-11-03","25.00","AUD","1762058426","101429/2025-11-03/1762058426.json"
"485268","36127","2025-11-09","25.00","AUD","1762058426","101429/2025-11-09/1762058426.json"
"485268","36127","2025-11-07","25.00","AUD","1762058426","101429/2025-11-07/1762058426.json"
"485268","36127","2025-11-06","25.00","AUD","1762058426","101429/2025-11-06/1762058426.json"
"485268","36127","2025-11-08","25.00","AUD","1762058426","101429/2025-11-08/1762058426.json"
"485268","36127","2025-11-10","25.00","AUD","1762058426","101429/2025-11-10/1762058426.json"
"485268","36127","2025-11-13","25.00","AUD","1762058426","101429/2025-11-13/1762058426.json"
"485268","36127","2025-11-11","25.00","AUD","1762058426","101429/2025-11-11/1762058426.json"
"485268","36127","2025-11-14","25.00","AUD","1762058426","101429/2025-11-14/1762058426.json"
"485268","36127","2025-11-12","25.00","AUD","1762058426","101429/2025-11-12/1762058426.json"
"485268","36127","2025-11-15","25.00","AUD","1762058426","101429/2025-11-15/1762058426.json"
"485268","36127","2025-11-16","25.00","AUD","1762058426","101429/2025-11-16/1762058426.json"
"485268","36127","2025-11-18","25.00","AUD","1762058426","101429/2025-11-18/1762058426.json"
"485268","36127","2025-11-17","25.00","AUD","1762058426","101429/2025-11-17/1762058426.json"
"485268","36127","2025-11-19","25.00","AUD","1762058426","101429/2025-11-19/1762058426.json"
"485268","36127","2025-11-20","25.00","AUD","1762058426","101429/2025-11-20/1762058426.json"
"485268","36127","2025-11-21","25.00","AUD","1762058426","101429/2025-11-21/1762058426.json"
"485268","36127","2025-11-23","25.00","AUD","1762058426","101429/2025-11-23/1762058426.json"
"485268","36127","2025-11-22","25.00","AUD","1762058426","101429/2025-11-22/1762058426.json"
"485268","36127","2025-11-24","25.00","AUD","1762058426","101429/2025-11-24/1762058426.json"
"485268","36127","2025-11-29","25.00","AUD","1762058426","101429/2025-11-29/1762058426.json"
"485268","36127","2025-11-30","25.00","AUD","1762058426","101429/2025-11-30/1762058426.json"
"485268","36127","2025-11-05","25.00","AUD","1762072720","101429/2025-11-05/1762072720.json"
"485268","36127","2025-11-04","25.00","AUD","1762072720","101429/2025-11-04/1762072720.json"
"485268","36127","2025-11-03","25.00","AUD","1762072720","101429/2025-11-03/1762072720.json"
"485268","36127","2025-11-06","25.00","AUD","1762072720","101429/2025-11-06/1762072720.json"
"485268","36127","2025-11-07","25.00","AUD","1762072720","101429/2025-11-07/1762072720.json"
"485268","36127","2025-11-09","25.00","AUD","1762072720","101429/2025-11-09/1762072720.json"
"485268","36127","2025-11-08","25.00","AUD","1762072720","101429/2025-11-08/1762072720.json"
"485268","36127","2025-11-10","25.00","AUD","1762072720","101429/2025-11-10/1762072720.json"
"485268","36127","2025-11-11","25.00","AUD","1762072720","101429/2025-11-11/1762072720.json"
"485268","36127","2025-11-12","25.00","AUD","1762072720","101429/2025-11-12/1762072720.json"
"485268","36127","2025-11-13","25.00","AUD","1762072720","101429/2025-11-13/1762072720.json"
"485268","36127","2025-11-14","25.00","AUD","1762072720","101429/2025-11-14/1762072720.json"
"485268","36127","2025-11-16","25.00","AUD","1762072720","101429/2025-11-16/1762072720.json"
"485268","36127","2025-11-15","25.00","AUD","1762072720","101429/2025-11-15/1762072720.json"
"485268","36127","2025-11-17","25.00","AUD","1762072720","101429/2025-11-17/1762072720.json"
"485268","36127","2025-11-18","25.00","AUD","1762072720","101429/2025-11-18/1762072720.json"
"485268","36127","2025-11-19","25.00","AUD","1762072720","101429/2025-11-19/1762072720.json"
"485268","36127","2025-11-20","25.00","AUD","1762072720","101429/2025-11-20/1762072720.json"
"485268","36127","2025-11-21","25.00","AUD","1762072720","101429/2025-11-21/1762072720.json"
"485268","36127","2025-11-22","25.00","AUD","1762072720","101429/2025-11-22/1762072720.json"
"485268","36127","2025-11-24","25.00","AUD","1762072720","101429/2025-11-24/1762072720.json"
"485268","36127","2025-11-23","25.00","AUD","1762072720","101429/2025-11-23/1762072720.json"
"485268","36127","2025-11-29","25.00","AUD","1762072720","101429/2025-11-29/1762072720.json"
"485268","36127","2025-11-30","25.00","AUD","1762072720","101429/2025-11-30/1762072720.json"
"485268","36127","2025-11-05","25.00","AUD","1762087813","101429/2025-11-05/1762087813.json"
"485268","36127","2025-11-03","25.00","AUD","1762087813","101429/2025-11-03/1762087813.json"
"485268","36127","2025-11-04","25.00","AUD","1762087813","101429/2025-11-04/1762087813.json"
"485268","36127","2025-11-08","25.00","AUD","1762087813","101429/2025-11-08/1762087813.json"
"485268","36127","2025-11-09","25.00","AUD","1762087813","101429/2025-11-09/1762087813.json"
"485268","36127","2025-11-07","25.00","AUD","1762087813","101429/2025-11-07/1762087813.json"
"485268","36127","2025-11-06","25.00","AUD","1762087813","101429/2025-11-06/1762087813.json"
"485268","36127","2025-11-11","25.00","AUD","1762087813","101429/2025-11-11/1762087813.json"
"485268","36127","2025-11-13","25.00","AUD","1762087813","101429/2025-11-13/1762087813.json"
"485268","36127","2025-11-12","25.00","AUD","1762087813","101429/2025-11-12/1762087813.json"
"485268","36127","2025-11-10","25.00","AUD","1762087813","101429/2025-11-10/1762087813.json"
"485268","36127","2025-11-14","25.00","AUD","1762087813","101429/2025-11-14/1762087813.json"
"485268","36127","2025-11-16","25.00","AUD","1762087813","101429/2025-11-16/1762087813.json"
"485268","36127","2025-11-15","25.00","AUD","1762087813","101429/2025-11-15/1762087813.json"
"485268","36127","2025-11-17","25.00","AUD","1762087813","101429/2025-11-17/1762087813.json"
"485268","36127","2025-11-18","25.00","AUD","1762087813","101429/2025-11-18/1762087813.json"
"485268","36127","2025-11-19","25.00","AUD","1762087813","101429/2025-11-19/1762087813.json"
"485268","36127","2025-11-21","25.00","AUD","1762087813","101429/2025-11-21/1762087813.json"
"485268","36127","2025-11-20","25.00","AUD","1762087813","101429/2025-11-20/1762087813.json"
"485268","36127","2025-11-22","25.00","AUD","1762087813","101429/2025-11-22/1762087813.json"
"485268","36127","2025-11-23","25.00","AUD","1762087813","101429/2025-11-23/1762087813.json"
"485268","36127","2025-11-24","25.00","AUD","1762087813","101429/2025-11-24/1762087813.json"
"485268","36127","2025-11-29","25.00","AUD","1762087813","101429/2025-11-29/1762087813.json"
"485268","36127","2025-11-30","25.00","AUD","1762087813","101429/2025-11-30/1762087813.json"
"485268","36127","2025-11-04","25.00","AUD","1762101709","101429/2025-11-04/1762101709.json"
"485268","36127","2025-11-05","25.00","AUD","1762101709","101429/2025-11-05/1762101709.json"
"485268","36127","2025-11-06","25.00","AUD","1762101709","101429/2025-11-06/1762101709.json"
"485268","36127","2025-11-03","25.00","AUD","1762101709","101429/2025-11-03/1762101709.json"
"485268","36127","2025-11-07","25.00","AUD","1762101709","101429/2025-11-07/1762101709.json"
"485268","36127","2025-11-08","25.00","AUD","1762101709","101429/2025-11-08/1762101709.json"
"485268","36127","2025-11-09","25.00","AUD","1762101709","101429/2025-11-09/1762101709.json"
"485268","36127","2025-11-12","25.00","AUD","1762101709","101429/2025-11-12/1762101709.json"
"485268","36127","2025-11-11","25.00","AUD","1762101709","101429/2025-11-11/1762101709.json"
"485268","36127","2025-11-13","25.00","AUD","1762101709","101429/2025-11-13/1762101709.json"
"485268","36127","2025-11-15","25.00","AUD","1762101709","101429/2025-11-15/1762101709.json"
"485268","36127","2025-11-14","25.00","AUD","1762101709","101429/2025-11-14/1762101709.json"
"485268","36127","2025-11-16","25.00","AUD","1762101709","101429/2025-11-16/1762101709.json"
"485268","36127","2025-11-17","25.00","AUD","1762101709","101429/2025-11-17/1762101709.json"
"485268","36127","2025-11-18","25.00","AUD","1762101709","101429/2025-11-18/1762101709.json"
"485268","36127","2025-11-19","25.00","AUD","1762101709","101429/2025-11-19/1762101709.json"
"485268","36127","2025-11-10","25.00","AUD","1762101709","101429/2025-11-10/1762101709.json"
"485268","36127","2025-11-20","25.00","AUD","1762101709","101429/2025-11-20/1762101709.json"
"485268","36127","2025-11-21","25.00","AUD","1762101709","101429/2025-11-21/1762101709.json"
"485268","36127","2025-11-24","25.00","AUD","1762101709","101429/2025-11-24/1762101709.json"
"485268","36127","2025-11-23","25.00","AUD","1762101709","101429/2025-11-23/1762101709.json"
"485268","36127","2025-11-22","25.00","AUD","1762101709","101429/2025-11-22/1762101709.json"
"485268","36127","2025-11-29","25.00","AUD","1762101709","101429/2025-11-29/1762101709.json"
"485268","36127","2025-11-30","25.00","AUD","1762101709","101429/2025-11-30/1762101709.json"
"485268","36127","2025-11-03","25.00","AUD","1762116044","101429/2025-11-03/1762116044.json"
"485268","36127","2025-11-05","25.00","AUD","1762116044","101429/2025-11-05/1762116044.json"
"485268","36127","2025-11-04","25.00","AUD","1762116044","101429/2025-11-04/1762116044.json"
"485268","36127","2025-11-06","25.00","AUD","1762116044","101429/2025-11-06/1762116044.json"
"485268","36127","2025-11-09","25.00","AUD","1762116044","101429/2025-11-09/1762116044.json"
"485268","36127","2025-11-08","25.00","AUD","1762116044","101429/2025-11-08/1762116044.json"
"485268","36127","2025-11-07","25.00","AUD","1762116044","101429/2025-11-07/1762116044.json"
"485268","36127","2025-11-12","25.00","AUD","1762116044","101429/2025-11-12/1762116044.json"
"485268","36127","2025-11-10","25.00","AUD","1762116044","101429/2025-11-10/1762116044.json"
"485268","36127","2025-11-11","25.00","AUD","1762116044","101429/2025-11-11/1762116044.json"
"485268","36127","2025-11-13","25.00","AUD","1762116044","101429/2025-11-13/1762116044.json"
"485268","36127","2025-11-14","25.00","AUD","1762116044","101429/2025-11-14/1762116044.json"
"485268","36127","2025-11-16","25.00","AUD","1762116044","101429/2025-11-16/1762116044.json"
"485268","36127","2025-11-15","25.00","AUD","1762116044","101429/2025-11-15/1762116044.json"
"485268","36127","2025-11-17","25.00","AUD","1762116044","101429/2025-11-17/1762116044.json"
"485268","36127","2025-11-18","25.00","AUD","1762116044","101429/2025-11-18/1762116044.json"
"485268","36127","2025-11-19","25.00","AUD","1762116044","101429/2025-11-19/1762116044.json"
"485268","36127","2025-11-20","25.00","AUD","1762116044","101429/2025-11-20/1762116044.json"
"485268","36127","2025-11-21","25.00","AUD","1762116044","101429/2025-11-21/1762116044.json"
"485268","36127","2025-11-23","25.00","AUD","1762116044","101429/2025-11-23/1762116044.json"
"485268","36127","2025-11-22","25.00","AUD","1762116044","101429/2025-11-22/1762116044.json"
"485268","36127","2025-11-24","25.00","AUD","1762116044","101429/2025-11-24/1762116044.json"
"485268","36127","2025-11-29","25.00","AUD","1762116044","101429/2025-11-29/1762116044.json"
"485268","36127","2025-11-30","25.00","AUD","1762116044","101429/2025-11-30/1762116044.json"
"485268","36127","2025-11-05","25.00","AUD","1762133618","101429/2025-11-05/1762133618.json"
"485268","36127","2025-11-03","25.00","AUD","1762133618","101429/2025-11-03/1762133618.json"
"485268","36127","2025-11-06","25.00","AUD","1762133618","101429/2025-11-06/1762133618.json"
"485268","36127","2025-11-04","25.00","AUD","1762133618","101429/2025-11-04/1762133618.json"
"485268","36127","2025-11-07","25.00","AUD","1762133618","101429/2025-11-07/1762133618.json"
"485268","36127","2025-11-08","25.00","AUD","1762133618","101429/2025-11-08/1762133618.json"
"485268","36127","2025-11-09","25.00","AUD","1762133618","101429/2025-11-09/1762133618.json"
"485268","36127","2025-11-10","25.00","AUD","1762133618","101429/2025-11-10/1762133618.json"
"485268","36127","2025-11-11","25.00","AUD","1762133618","101429/2025-11-11/1762133618.json"
"485268","36127","2025-11-14","25.00","AUD","1762133618","101429/2025-11-14/1762133618.json"
"485268","36127","2025-11-12","25.00","AUD","1762133618","101429/2025-11-12/1762133618.json"
"485268","36127","2025-11-13","25.00","AUD","1762133618","101429/2025-11-13/1762133618.json"
"485268","36127","2025-11-16","25.00","AUD","1762133618","101429/2025-11-16/1762133618.json"
"485268","36127","2025-11-17","25.00","AUD","1762133618","101429/2025-11-17/1762133618.json"
"485268","36127","2025-11-18","25.00","AUD","1762133618","101429/2025-11-18/1762133618.json"
"485268","36127","2025-11-15","25.00","AUD","1762133618","101429/2025-11-15/1762133618.json"
"485268","36127","2025-11-19","25.00","AUD","1762133618","101429/2025-11-19/1762133618.json"
"485268","36127","2025-11-20","25.00","AUD","1762133618","101429/2025-11-20/1762133618.json"
"485268","36127","2025-11-21","25.00","AUD","1762133618","101429/2025-11-21/1762133618.json"
"485268","36127","2025-11-22","25.00","AUD","1762133618","101429/2025-11-22/1762133618.json"
"485268","36127","2025-11-24","25.00","AUD","1762133618","101429/2025-11-24/1762133618.json"
"485268","36127","2025-11-23","25.00","AUD","1762133618","101429/2025-11-23/1762133618.json"
"485268","36127","2025-11-29","25.00","AUD","1762133618","101429/2025-11-29/1762133618.json"
"485268","36127","2025-11-30","25.00","AUD","1762133618","101429/2025-11-30/1762133618.json"
"485268","36127","2025-11-04","25.00","AUD","1762145189","101429/2025-11-04/1762145189.json"
"485268","36127","2025-11-06","25.00","AUD","1762145189","101429/2025-11-06/1762145189.json"
"485268","36127","2025-11-03","25.00","AUD","1762145189","101429/2025-11-03/1762145189.json"
"485268","36127","2025-11-05","25.00","AUD","1762145189","101429/2025-11-05/1762145189.json"
"485268","36127","2025-11-07","25.00","AUD","1762145189","101429/2025-11-07/1762145189.json"
"485268","36127","2025-11-08","25.00","AUD","1762145189","101429/2025-11-08/1762145189.json"
"485268","36127","2025-11-09","25.00","AUD","1762145189","101429/2025-11-09/1762145189.json"
"485268","36127","2025-11-10","25.00","AUD","1762145189","101429/2025-11-10/1762145189.json"
"485268","36127","2025-11-11","25.00","AUD","1762145189","101429/2025-11-11/1762145189.json"
"485268","36127","2025-11-13","25.00","AUD","1762145189","101429/2025-11-13/1762145189.json"
"485268","36127","2025-11-14","25.00","AUD","1762145189","101429/2025-11-14/1762145189.json"
"485268","36127","2025-11-12","25.00","AUD","1762145189","101429/2025-11-12/1762145189.json"
"485268","36127","2025-11-15","25.00","AUD","1762145189","101429/2025-11-15/1762145189.json"
"485268","36127","2025-11-17","25.00","AUD","1762145189","101429/2025-11-17/1762145189.json"
"485268","36127","2025-11-16","25.00","AUD","1762145189","101429/2025-11-16/1762145189.json"
"485268","36127","2025-11-18","25.00","AUD","1762145189","101429/2025-11-18/1762145189.json"
"485268","36127","2025-11-19","25.00","AUD","1762145189","101429/2025-11-19/1762145189.json"
"485268","36127","2025-11-20","25.00","AUD","1762145189","101429/2025-11-20/1762145189.json"
"485268","36127","2025-11-21","25.00","AUD","1762145189","101429/2025-11-21/1762145189.json"
"485268","36127","2025-11-22","25.00","AUD","1762145189","101429/2025-11-22/1762145189.json"
"485268","36127","2025-11-24","25.00","AUD","1762145189","101429/2025-11-24/1762145189.json"
"485268","36127","2025-11-23","25.00","AUD","1762145189","101429/2025-11-23/1762145189.json"
"485268","36127","2025-11-30","25.00","AUD","1762145189","101429/2025-11-30/1762145189.json"
"485268","36127","2025-11-29","25.00","AUD","1762145189","101429/2025-11-29/1762145189.json"
"485268","36127","2025-11-06","25.00","AUD","1762159513","101429/2025-11-06/1762159513.json"
"485268","36127","2025-11-07","25.00","AUD","1762159513","101429/2025-11-07/1762159513.json"
"485268","36127","2025-11-08","25.00","AUD","1762159513","101429/2025-11-08/1762159513.json"
"485268","36127","2025-11-10","25.00","AUD","1762159513","101429/2025-11-10/1762159513.json"
"485268","36127","2025-11-12","25.00","AUD","1762159513","101429/2025-11-12/1762159513.json"
"485268","36127","2025-11-11","25.00","AUD","1762159513","101429/2025-11-11/1762159513.json"
"485268","36127","2025-11-13","25.00","AUD","1762159513","101429/2025-11-13/1762159513.json"
"485268","36127","2025-11-09","25.00","AUD","1762159513","101429/2025-11-09/1762159513.json"
"485268","36127","2025-11-14","25.00","AUD","1762159513","101429/2025-11-14/1762159513.json"
"485268","36127","2025-11-15","25.00","AUD","1762159513","101429/2025-11-15/1762159513.json"
"485268","36127","2025-11-16","25.00","AUD","1762159513","101429/2025-11-16/1762159513.json"
"485268","36127","2025-11-18","25.00","AUD","1762159513","101429/2025-11-18/1762159513.json"
"485268","36127","2025-11-19","25.00","AUD","1762159513","101429/2025-11-19/1762159513.json"
"485268","36127","2025-11-17","25.00","AUD","1762159513","101429/2025-11-17/1762159513.json"
"485268","36127","2025-11-21","25.00","AUD","1762159513","101429/2025-11-21/1762159513.json"
"485268","36127","2025-11-20","25.00","AUD","1762159513","101429/2025-11-20/1762159513.json"
"485268","36127","2025-11-22","25.00","AUD","1762159513","101429/2025-11-22/1762159513.json"
"485268","36127","2025-11-23","25.00","AUD","1762159513","101429/2025-11-23/1762159513.json"
"485268","36127","2025-11-24","25.00","AUD","1762159513","101429/2025-11-24/1762159513.json"
"485268","36127","2025-11-29","25.00","AUD","1762159513","101429/2025-11-29/1762159513.json"
"485268","36127","2025-11-30","25.00","AUD","1762159513","101429/2025-11-30/1762159513.json"
"485268","36127","2025-11-06","25.00","AUD","1762174540","101429/2025-11-06/1762174540.json"
"485268","36127","2025-11-09","25.00","AUD","1762174540","101429/2025-11-09/1762174540.json"
"485268","36127","2025-11-07","25.00","AUD","1762174540","101429/2025-11-07/1762174540.json"
"485268","36127","2025-11-10","25.00","AUD","1762174540","101429/2025-11-10/1762174540.json"
"485268","36127","2025-11-08","25.00","AUD","1762174540","101429/2025-11-08/1762174540.json"
"485268","36127","2025-11-11","25.00","AUD","1762174540","101429/2025-11-11/1762174540.json"
"485268","36127","2025-11-12","25.00","AUD","1762174540","101429/2025-11-12/1762174540.json"
"485268","36127","2025-11-13","25.00","AUD","1762174540","101429/2025-11-13/1762174540.json"
"485268","36127","2025-11-14","25.00","AUD","1762174540","101429/2025-11-14/1762174540.json"
"485268","36127","2025-11-16","25.00","AUD","1762174540","101429/2025-11-16/1762174540.json"
"485268","36127","2025-11-15","25.00","AUD","1762174540","101429/2025-11-15/1762174540.json"
"485268","36127","2025-11-17","25.00","AUD","1762174540","101429/2025-11-17/1762174540.json"
"485268","36127","2025-11-18","25.00","AUD","1762174540","101429/2025-11-18/1762174540.json"
"485268","36127","2025-11-19","25.00","AUD","1762174540","101429/2025-11-19/1762174540.json"
"485268","36127","2025-11-20","25.00","AUD","1762174540","101429/2025-11-20/1762174540.json"
"485268","36127","2025-11-21","25.00","AUD","1762174540","101429/2025-11-21/1762174540.json"
"485268","36127","2025-11-22","25.00","AUD","1762174540","101429/2025-11-22/1762174540.json"
"485268","36127","2025-11-23","25.00","AUD","1762174540","101429/2025-11-23/1762174540.json"
"485268","36127","2025-11-24","25.00","AUD","1762174540","101429/2025-11-24/1762174540.json"
"485268","36127","2025-11-29","25.00","AUD","1762174540","101429/2025-11-29/1762174540.json"
"485268","36127","2025-11-30","25.00","AUD","1762174540","101429/2025-11-30/1762174540.json"
"485268","36127","2025-11-06","25.00","AUD","1762188233","101429/2025-11-06/1762188233.json"
"485268","36127","2025-11-07","25.00","AUD","1762188233","101429/2025-11-07/1762188233.json"
"485268","36127","2025-11-09","25.00","AUD","1762188233","101429/2025-11-09/1762188233.json"
"485268","36127","2025-11-10","25.00","AUD","1762188233","101429/2025-11-10/1762188233.json"
"485268","36127","2025-11-08","25.00","AUD","1762188233","101429/2025-11-08/1762188233.json"
"485268","36127","2025-11-14","25.00","AUD","1762188233","101429/2025-11-14/1762188233.json"
"485268","36127","2025-11-13","25.00","AUD","1762188233","101429/2025-11-13/1762188233.json"
"485268","36127","2025-11-12","25.00","AUD","1762188233","101429/2025-11-12/1762188233.json"
"485268","36127","2025-11-11","25.00","AUD","1762188233","101429/2025-11-11/1762188233.json"
"485268","36127","2025-11-15","25.00","AUD","1762188233","101429/2025-11-15/1762188233.json"
"485268","36127","2025-11-16","25.00","AUD","1762188233","101429/2025-11-16/1762188233.json"
"485268","36127","2025-11-17","25.00","AUD","1762188233","101429/2025-11-17/1762188233.json"
"485268","36127","2025-11-18","25.00","AUD","1762188233","101429/2025-11-18/1762188233.json"
"485268","36127","2025-11-20","25.00","AUD","1762188233","101429/2025-11-20/1762188233.json"
"485268","36127","2025-11-19","25.00","AUD","1762188233","101429/2025-11-19/1762188233.json"
"485268","36127","2025-11-22","25.00","AUD","1762188233","101429/2025-11-22/1762188233.json"
"485268","36127","2025-11-21","25.00","AUD","1762188233","101429/2025-11-21/1762188233.json"
"485268","36127","2025-11-23","25.00","AUD","1762188233","101429/2025-11-23/1762188233.json"
"485268","36127","2025-11-24","25.00","AUD","1762188233","101429/2025-11-24/1762188233.json"
"485268","36127","2025-11-29","25.00","AUD","1762188233","101429/2025-11-29/1762188233.json"
"485268","36127","2025-11-30","25.00","AUD","1762188233","101429/2025-11-30/1762188233.json"
"485268","36127","2025-11-06","25.00","AUD","1762202598","101429/2025-11-06/1762202598.json"
"485268","36127","2025-11-07","25.00","AUD","1762202598","101429/2025-11-07/1762202598.json"
"485268","36127","2025-11-10","25.00","AUD","1762202598","101429/2025-11-10/1762202598.json"
"485268","36127","2025-11-08","25.00","AUD","1762202598","101429/2025-11-08/1762202598.json"
"485268","36127","2025-11-09","25.00","AUD","1762202598","101429/2025-11-09/1762202598.json"
"485268","36127","2025-11-11","25.00","AUD","1762202598","101429/2025-11-11/1762202598.json"
"485268","36127","2025-11-13","25.00","AUD","1762202598","101429/2025-11-13/1762202598.json"
"485268","36127","2025-11-14","25.00","AUD","1762202598","101429/2025-11-14/1762202598.json"
"485268","36127","2025-11-12","25.00","AUD","1762202598","101429/2025-11-12/1762202598.json"
"485268","36127","2025-11-15","25.00","AUD","1762202598","101429/2025-11-15/1762202598.json"
"485268","36127","2025-11-16","25.00","AUD","1762202598","101429/2025-11-16/1762202598.json"
"485268","36127","2025-11-17","25.00","AUD","1762202598","101429/2025-11-17/1762202598.json"
"485268","36127","2025-11-18","25.00","AUD","1762202598","101429/2025-11-18/1762202598.json"
"485268","36127","2025-11-19","25.00","AUD","1762202598","101429/2025-11-19/1762202598.json"
"485268","36127","2025-11-21","25.00","AUD","1762202598","101429/2025-11-21/1762202598.json"
"485268","36127","2025-11-20","25.00","AUD","1762202598","101429/2025-11-20/1762202598.json"
"485268","36127","2025-11-23","25.00","AUD","1762202598","101429/2025-11-23/1762202598.json"
"485268","36127","2025-11-22","25.00","AUD","1762202598","101429/2025-11-22/1762202598.json"
"485268","36127","2025-11-24","25.00","AUD","1762202598","101429/2025-11-24/1762202598.json"
"485268","36127","2025-11-29","25.00","AUD","1762202598","101429/2025-11-29/1762202598.json"
"485268","36127","2025-11-30","25.00","AUD","1762202598","101429/2025-11-30/1762202598.json"
"485268","36127","2025-11-07","25.00","AUD","1762219730","101429/2025-11-07/1762219730.json"
"485268","36127","2025-11-06","25.00","AUD","1762219730","101429/2025-11-06/1762219730.json"
"485268","36127","2025-11-08","25.00","AUD","1762219730","101429/2025-11-08/1762219730.json"
"485268","36127","2025-11-09","25.00","AUD","1762219730","101429/2025-11-09/1762219730.json"
"485268","36127","2025-11-10","25.00","AUD","1762219730","101429/2025-11-10/1762219730.json"
"485268","36127","2025-11-11","25.00","AUD","1762219730","101429/2025-11-11/1762219730.json"
"485268","36127","2025-11-12","25.00","AUD","1762219730","101429/2025-11-12/1762219730.json"
"485268","36127","2025-11-14","25.00","AUD","1762219730","101429/2025-11-14/1762219730.json"
"485268","36127","2025-11-15","25.00","AUD","1762219730","101429/2025-11-15/1762219730.json"
"485268","36127","2025-11-16","25.00","AUD","1762219730","101429/2025-11-16/1762219730.json"
"485268","36127","2025-11-13","25.00","AUD","1762219730","101429/2025-11-13/1762219730.json"
"485268","36127","2025-11-17","25.00","AUD","1762219730","101429/2025-11-17/1762219730.json"
"485268","36127","2025-11-18","25.00","AUD","1762219730","101429/2025-11-18/1762219730.json"
"485268","36127","2025-11-19","25.00","AUD","1762219730","101429/2025-11-19/1762219730.json"
"485268","36127","2025-11-20","25.00","AUD","1762219730","101429/2025-11-20/1762219730.json"
"485268","36127","2025-11-21","25.00","AUD","1762219730","101429/2025-11-21/1762219730.json"
"485268","36127","2025-11-22","25.00","AUD","1762219730","101429/2025-11-22/1762219730.json"
"485268","36127","2025-11-23","25.00","AUD","1762219730","101429/2025-11-23/1762219730.json"
"485268","36127","2025-11-24","25.00","AUD","1762219730","101429/2025-11-24/1762219730.json"
"485268","36127","2025-11-30","25.00","AUD","1762219730","101429/2025-11-30/1762219730.json"
"485268","36127","2025-11-29","25.00","AUD","1762219730","101429/2025-11-29/1762219730.json"
"485268","36127","2025-11-07","25.00","AUD","1762231161","101429/2025-11-07/1762231161.json"
"485268","36127","2025-11-06","25.00","AUD","1762231161","101429/2025-11-06/1762231161.json"
"485268","36127","2025-11-09","25.00","AUD","1762231161","101429/2025-11-09/1762231161.json"
"485268","36127","2025-11-10","25.00","AUD","1762231161","101429/2025-11-10/1762231161.json"
"485268","36127","2025-11-11","25.00","AUD","1762231161","101429/2025-11-11/1762231161.json"
"485268","36127","2025-11-08","25.00","AUD","1762231161","101429/2025-11-08/1762231161.json"
"485268","36127","2025-11-13","25.00","AUD","1762231161","101429/2025-11-13/1762231161.json"
"485268","36127","2025-11-15","25.00","AUD","1762231161","101429/2025-11-15/1762231161.json"
"485268","36127","2025-11-12","25.00","AUD","1762231161","101429/2025-11-12/1762231161.json"
"485268","36127","2025-11-16","25.00","AUD","1762231161","101429/2025-11-16/1762231161.json"
"485268","36127","2025-11-17","25.00","AUD","1762231161","101429/2025-11-17/1762231161.json"
"485268","36127","2025-11-14","25.00","AUD","1762231161","101429/2025-11-14/1762231161.json"
"485268","36127","2025-11-20","25.00","AUD","1762231161","101429/2025-11-20/1762231161.json"
"485268","36127","2025-11-21","25.00","AUD","1762231161","101429/2025-11-21/1762231161.json"
"485268","36127","2025-11-18","25.00","AUD","1762231161","101429/2025-11-18/1762231161.json"
"485268","36127","2025-11-19","25.00","AUD","1762231161","101429/2025-11-19/1762231161.json"
"485268","36127","2025-11-23","25.00","AUD","1762231161","101429/2025-11-23/1762231161.json"
"485268","36127","2025-11-24","25.00","AUD","1762231161","101429/2025-11-24/1762231161.json"
"485268","36127","2025-11-22","25.00","AUD","1762231161","101429/2025-11-22/1762231161.json"
"485268","36127","2025-11-29","25.00","AUD","1762231161","101429/2025-11-29/1762231161.json"
"485268","36127","2025-11-30","25.00","AUD","1762231161","101429/2025-11-30/1762231161.json"
"485268","36127","2025-11-06","25.00","AUD","1762245840","101429/2025-11-06/1762245840.json"
"485268","36127","2025-11-07","25.00","AUD","1762245840","101429/2025-11-07/1762245840.json"
"485268","36127","2025-11-08","25.00","AUD","1762245840","101429/2025-11-08/1762245840.json"
"485268","36127","2025-11-09","25.00","AUD","1762245840","101429/2025-11-09/1762245840.json"
"485268","36127","2025-11-10","25.00","AUD","1762245840","101429/2025-11-10/1762245840.json"
"485268","36127","2025-11-11","25.00","AUD","1762245840","101429/2025-11-11/1762245840.json"
"485268","36127","2025-11-13","25.00","AUD","1762245840","101429/2025-11-13/1762245840.json"
"485268","36127","2025-11-12","25.00","AUD","1762245840","101429/2025-11-12/1762245840.json"
"485268","36127","2025-11-14","25.00","AUD","1762245840","101429/2025-11-14/1762245840.json"
"485268","36127","2025-11-15","25.00","AUD","1762245840","101429/2025-11-15/1762245840.json"
"485268","36127","2025-11-16","25.00","AUD","1762245840","101429/2025-11-16/1762245840.json"
"485268","36127","2025-11-17","25.00","AUD","1762245840","101429/2025-11-17/1762245840.json"
"485268","36127","2025-11-18","25.00","AUD","1762245840","101429/2025-11-18/1762245840.json"
"485268","36127","2025-11-19","25.00","AUD","1762245840","101429/2025-11-19/1762245840.json"
"485268","36127","2025-11-20","25.00","AUD","1762245840","101429/2025-11-20/1762245840.json"
"485268","36127","2025-11-22","25.00","AUD","1762245840","101429/2025-11-22/1762245840.json"
"485268","36127","2025-11-21","25.00","AUD","1762245840","101429/2025-11-21/1762245840.json"
"485268","36127","2025-11-23","25.00","AUD","1762245840","101429/2025-11-23/1762245840.json"
"485268","36127","2025-11-24","25.00","AUD","1762245840","101429/2025-11-24/1762245840.json"
"485268","36127","2025-11-29","25.00","AUD","1762245840","101429/2025-11-29/1762245840.json"
"485268","36127","2025-11-30","25.00","AUD","1762245840","101429/2025-11-30/1762245840.json"
"485268","36127","2025-11-07","25.00","AUD","1762261221","101429/2025-11-07/1762261221.json"
"485268","36127","2025-11-10","25.00","AUD","1762261221","101429/2025-11-10/1762261221.json"
"485268","36127","2025-11-06","25.00","AUD","1762261221","101429/2025-11-06/1762261221.json"
"485268","36127","2025-11-09","25.00","AUD","1762261221","101429/2025-11-09/1762261221.json"
"485268","36127","2025-11-08","25.00","AUD","1762261221","101429/2025-11-08/1762261221.json"
"485268","36127","2025-11-13","25.00","AUD","1762261221","101429/2025-11-13/1762261221.json"
"485268","36127","2025-11-11","25.00","AUD","1762261221","101429/2025-11-11/1762261221.json"
"485268","36127","2025-11-14","25.00","AUD","1762261221","101429/2025-11-14/1762261221.json"
"485268","36127","2025-11-12","25.00","AUD","1762261221","101429/2025-11-12/1762261221.json"
"485268","36127","2025-11-16","25.00","AUD","1762261221","101429/2025-11-16/1762261221.json"
"485268","36127","2025-11-17","25.00","AUD","1762261221","101429/2025-11-17/1762261221.json"
"485268","36127","2025-11-15","25.00","AUD","1762261221","101429/2025-11-15/1762261221.json"
"485268","36127","2025-11-18","25.00","AUD","1762261221","101429/2025-11-18/1762261221.json"
"485268","36127","2025-11-20","25.00","AUD","1762261221","101429/2025-11-20/1762261221.json"
"485268","36127","2025-11-21","25.00","AUD","1762261221","101429/2025-11-21/1762261221.json"
"485268","36127","2025-11-19","25.00","AUD","1762261221","101429/2025-11-19/1762261221.json"
"485268","36127","2025-11-22","25.00","AUD","1762261221","101429/2025-11-22/1762261221.json"
"485268","36127","2025-11-24","25.00","AUD","1762261221","101429/2025-11-24/1762261221.json"
"485268","36127","2025-11-23","25.00","AUD","1762261221","101429/2025-11-23/1762261221.json"
"485268","36127","2025-11-29","25.00","AUD","1762261221","101429/2025-11-29/1762261221.json"
"485268","36127","2025-11-30","25.00","AUD","1762261221","101429/2025-11-30/1762261221.json"
"485268","36127","2025-11-06","25.00","AUD","1762274874","101429/2025-11-06/1762274874.json"
"485268","36127","2025-11-08","25.00","AUD","1762274874","101429/2025-11-08/1762274874.json"
"485268","36127","2025-11-07","25.00","AUD","1762274874","101429/2025-11-07/1762274874.json"
"485268","36127","2025-11-09","25.00","AUD","1762274874","101429/2025-11-09/1762274874.json"
"485268","36127","2025-11-12","25.00","AUD","1762274874","101429/2025-11-12/1762274874.json"
"485268","36127","2025-11-11","25.00","AUD","1762274874","101429/2025-11-11/1762274874.json"
"485268","36127","2025-11-10","25.00","AUD","1762274874","101429/2025-11-10/1762274874.json"
"485268","36127","2025-11-13","25.00","AUD","1762274874","101429/2025-11-13/1762274874.json"
"485268","36127","2025-11-15","25.00","AUD","1762274874","101429/2025-11-15/1762274874.json"
"485268","36127","2025-11-16","25.00","AUD","1762274874","101429/2025-11-16/1762274874.json"
"485268","36127","2025-11-14","25.00","AUD","1762274874","101429/2025-11-14/1762274874.json"
"485268","36127","2025-11-17","25.00","AUD","1762274874","101429/2025-11-17/1762274874.json"
"485268","36127","2025-11-19","25.00","AUD","1762274874","101429/2025-11-19/1762274874.json"
"485268","36127","2025-11-20","25.00","AUD","1762274874","101429/2025-11-20/1762274874.json"
"485268","36127","2025-11-18","25.00","AUD","1762274874","101429/2025-11-18/1762274874.json"
"485268","36127","2025-11-21","25.00","AUD","1762274874","101429/2025-11-21/1762274874.json"
"485268","36127","2025-11-23","25.00","AUD","1762274874","101429/2025-11-23/1762274874.json"
"485268","36127","2025-11-22","25.00","AUD","1762274874","101429/2025-11-22/1762274874.json"
"485268","36127","2025-11-24","25.00","AUD","1762274874","101429/2025-11-24/1762274874.json"
"485268","36127","2025-11-30","25.00","AUD","1762274874","101429/2025-11-30/1762274874.json"
"485268","36127","2025-11-29","25.00","AUD","1762274874","101429/2025-11-29/1762274874.json"
"485268","36127","2025-11-06","25.00","AUD","1762289143","101429/2025-11-06/1762289143.json"
"485268","36127","2025-11-07","25.00","AUD","1762289143","101429/2025-11-07/1762289143.json"
"485268","36127","2025-11-08","25.00","AUD","1762289143","101429/2025-11-08/1762289143.json"
"485268","36127","2025-11-09","25.00","AUD","1762289143","101429/2025-11-09/1762289143.json"
"485268","36127","2025-11-10","25.00","AUD","1762289143","101429/2025-11-10/1762289143.json"
"485268","36127","2025-11-11","25.00","AUD","1762289143","101429/2025-11-11/1762289143.json"
"485268","36127","2025-11-12","25.00","AUD","1762289143","101429/2025-11-12/1762289143.json"
"485268","36127","2025-11-13","25.00","AUD","1762289143","101429/2025-11-13/1762289143.json"
"485268","36127","2025-11-14","25.00","AUD","1762289143","101429/2025-11-14/1762289143.json"
"485268","36127","2025-11-15","25.00","AUD","1762289143","101429/2025-11-15/1762289143.json"
"485268","36127","2025-11-16","25.00","AUD","1762289143","101429/2025-11-16/1762289143.json"
"485268","36127","2025-11-17","25.00","AUD","1762289143","101429/2025-11-17/1762289143.json"
"485268","36127","2025-11-18","25.00","AUD","1762289143","101429/2025-11-18/1762289143.json"
"485268","36127","2025-11-19","25.00","AUD","1762289143","101429/2025-11-19/1762289143.json"
"485268","36127","2025-11-20","25.00","AUD","1762289143","101429/2025-11-20/1762289143.json"
"485268","36127","2025-11-21","25.00","AUD","1762289143","101429/2025-11-21/1762289143.json"
"485268","36127","2025-11-22","25.00","AUD","1762289143","101429/2025-11-22/1762289143.json"
"485268","36127","2025-11-24","25.00","AUD","1762289143","101429/2025-11-24/1762289143.json"
"485268","36127","2025-11-23","25.00","AUD","1762289143","101429/2025-11-23/1762289143.json"
"485268","36127","2025-11-30","25.00","AUD","1762289143","101429/2025-11-30/1762289143.json"
"485268","36127","2025-11-29","25.00","AUD","1762289143","101429/2025-11-29/1762289143.json"
"485268","36127","2025-11-06","25.00","AUD","1762306550","101429/2025-11-06/1762306550.json"
"485268","36127","2025-11-07","25.00","AUD","1762306550","101429/2025-11-07/1762306550.json"
"485268","36127","2025-11-08","25.00","AUD","1762306550","101429/2025-11-08/1762306550.json"
"485268","36127","2025-11-09","25.00","AUD","1762306550","101429/2025-11-09/1762306550.json"
"485268","36127","2025-11-10","25.00","AUD","1762306550","101429/2025-11-10/1762306550.json"
"485268","36127","2025-11-11","25.00","AUD","1762306550","101429/2025-11-11/1762306550.json"
"485268","36127","2025-11-12","25.00","AUD","1762306550","101429/2025-11-12/1762306550.json"
"485268","36127","2025-11-14","25.00","AUD","1762306550","101429/2025-11-14/1762306550.json"
"485268","36127","2025-11-13","25.00","AUD","1762306550","101429/2025-11-13/1762306550.json"
"485268","36127","2025-11-15","25.00","AUD","1762306550","101429/2025-11-15/1762306550.json"
"485268","36127","2025-11-17","25.00","AUD","1762306550","101429/2025-11-17/1762306550.json"
"485268","36127","2025-11-18","25.00","AUD","1762306550","101429/2025-11-18/1762306550.json"
"485268","36127","2025-11-16","25.00","AUD","1762306550","101429/2025-11-16/1762306550.json"
"485268","36127","2025-11-19","25.00","AUD","1762306550","101429/2025-11-19/1762306550.json"
"485268","36127","2025-11-20","25.00","AUD","1762306550","101429/2025-11-20/1762306550.json"
"485268","36127","2025-11-21","25.00","AUD","1762306550","101429/2025-11-21/1762306550.json"
"485268","36127","2025-11-22","25.00","AUD","1762306550","101429/2025-11-22/1762306550.json"
"485268","36127","2025-11-23","25.00","AUD","1762306550","101429/2025-11-23/1762306550.json"
"485268","36127","2025-11-24","25.00","AUD","1762306550","101429/2025-11-24/1762306550.json"
"485268","36127","2025-11-29","25.00","AUD","1762306550","101429/2025-11-29/1762306550.json"
"485268","36127","2025-11-30","25.00","AUD","1762306550","101429/2025-11-30/1762306550.json"
"485268","36127","2025-11-08","25.00","AUD","1762317724","101429/2025-11-08/1762317724.json"
"485268","36127","2025-11-07","25.00","AUD","1762317724","101429/2025-11-07/1762317724.json"
"485268","36127","2025-11-06","25.00","AUD","1762317724","101429/2025-11-06/1762317724.json"
"485268","36127","2025-11-10","25.00","AUD","1762317724","101429/2025-11-10/1762317724.json"
"485268","36127","2025-11-11","25.00","AUD","1762317724","101429/2025-11-11/1762317724.json"
"485268","36127","2025-11-09","25.00","AUD","1762317724","101429/2025-11-09/1762317724.json"
"485268","36127","2025-11-12","25.00","AUD","1762317724","101429/2025-11-12/1762317724.json"
"485268","36127","2025-11-13","25.00","AUD","1762317724","101429/2025-11-13/1762317724.json"
"485268","36127","2025-11-14","25.00","AUD","1762317724","101429/2025-11-14/1762317724.json"
"485268","36127","2025-11-15","25.00","AUD","1762317724","101429/2025-11-15/1762317724.json"
"485268","36127","2025-11-16","25.00","AUD","1762317724","101429/2025-11-16/1762317724.json"
"485268","36127","2025-11-17","25.00","AUD","1762317724","101429/2025-11-17/1762317724.json"
"485268","36127","2025-11-18","25.00","AUD","1762317724","101429/2025-11-18/1762317724.json"
"485268","36127","2025-11-20","25.00","AUD","1762317724","101429/2025-11-20/1762317724.json"
"485268","36127","2025-11-19","25.00","AUD","1762317724","101429/2025-11-19/1762317724.json"
"485268","36127","2025-11-21","25.00","AUD","1762317724","101429/2025-11-21/1762317724.json"
"485268","36127","2025-11-22","25.00","AUD","1762317724","101429/2025-11-22/1762317724.json"
"485268","36127","2025-11-23","25.00","AUD","1762317724","101429/2025-11-23/1762317724.json"
"485268","36127","2025-11-24","25.00","AUD","1762317724","101429/2025-11-24/1762317724.json"
"485268","36127","2025-11-29","25.00","AUD","1762317724","101429/2025-11-29/1762317724.json"
"485268","36127","2025-11-30","25.00","AUD","1762317724","101429/2025-11-30/1762317724.json"
"485268","36127","2025-11-07","25.00","AUD","1762332707","101429/2025-11-07/1762332707.json"
"485268","36127","2025-11-08","25.00","AUD","1762332707","101429/2025-11-08/1762332707.json"
"485268","36127","2025-11-06","25.00","AUD","1762332707","101429/2025-11-06/1762332707.json"
"485268","36127","2025-11-10","25.00","AUD","1762332707","101429/2025-11-10/1762332707.json"
"485268","36127","2025-11-09","25.00","AUD","1762332707","101429/2025-11-09/1762332707.json"
"485268","36127","2025-11-11","25.00","AUD","1762332707","101429/2025-11-11/1762332707.json"
"485268","36127","2025-11-12","25.00","AUD","1762332707","101429/2025-11-12/1762332707.json"
"485268","36127","2025-11-13","25.00","AUD","1762332707","101429/2025-11-13/1762332707.json"
"485268","36127","2025-11-15","25.00","AUD","1762332707","101429/2025-11-15/1762332707.json"
"485268","36127","2025-11-16","25.00","AUD","1762332707","101429/2025-11-16/1762332707.json"
"485268","36127","2025-11-14","25.00","AUD","1762332707","101429/2025-11-14/1762332707.json"
"485268","36127","2025-11-17","25.00","AUD","1762332707","101429/2025-11-17/1762332707.json"
"485268","36127","2025-11-19","25.00","AUD","1762332707","101429/2025-11-19/1762332707.json"
"485268","36127","2025-11-18","25.00","AUD","1762332707","101429/2025-11-18/1762332707.json"
"485268","36127","2025-11-20","25.00","AUD","1762332707","101429/2025-11-20/1762332707.json"
"485268","36127","2025-11-21","25.00","AUD","1762332707","101429/2025-11-21/1762332707.json"
"485268","36127","2025-11-23","25.00","AUD","1762332707","101429/2025-11-23/1762332707.json"
"485268","36127","2025-11-22","25.00","AUD","1762332707","101429/2025-11-22/1762332707.json"
"485268","36127","2025-11-24","25.00","AUD","1762332707","101429/2025-11-24/1762332707.json"
"485268","36127","2025-11-29","25.00","AUD","1762332707","101429/2025-11-29/1762332707.json"
"485268","36127","2025-11-30","25.00","AUD","1762332707","101429/2025-11-30/1762332707.json"
"485268","36127","2025-11-08","25.00","AUD","1762347574","101429/2025-11-08/1762347574.json"
"485268","36127","2025-11-06","25.00","AUD","1762347574","101429/2025-11-06/1762347574.json"
"485268","36127","2025-11-07","25.00","AUD","1762347574","101429/2025-11-07/1762347574.json"
"485268","36127","2025-11-09","25.00","AUD","1762347574","101429/2025-11-09/1762347574.json"
"485268","36127","2025-11-10","25.00","AUD","1762347574","101429/2025-11-10/1762347574.json"
"485268","36127","2025-11-11","25.00","AUD","1762347574","101429/2025-11-11/1762347574.json"
"485268","36127","2025-11-12","25.00","AUD","1762347574","101429/2025-11-12/1762347574.json"
"485268","36127","2025-11-13","25.00","AUD","1762347574","101429/2025-11-13/1762347574.json"
"485268","36127","2025-11-14","25.00","AUD","1762347574","101429/2025-11-14/1762347574.json"
"485268","36127","2025-11-15","25.00","AUD","1762347574","101429/2025-11-15/1762347574.json"
"485268","36127","2025-11-17","25.00","AUD","1762347574","101429/2025-11-17/1762347574.json"
"485268","36127","2025-11-18","25.00","AUD","1762347574","101429/2025-11-18/1762347574.json"
"485268","36127","2025-11-19","25.00","AUD","1762347574","101429/2025-11-19/1762347574.json"
"485268","36127","2025-11-16","25.00","AUD","1762347574","101429/2025-11-16/1762347574.json"
"485268","36127","2025-11-21","25.00","AUD","1762347574","101429/2025-11-21/1762347574.json"
"485268","36127","2025-11-20","25.00","AUD","1762347574","101429/2025-11-20/1762347574.json"
"485268","36127","2025-11-22","25.00","AUD","1762347574","101429/2025-11-22/1762347574.json"
"485268","36127","2025-11-23","25.00","AUD","1762347574","101429/2025-11-23/1762347574.json"
"485268","36127","2025-11-24","25.00","AUD","1762347574","101429/2025-11-24/1762347574.json"
"485268","36127","2025-11-29","25.00","AUD","1762347574","101429/2025-11-29/1762347574.json"
"485268","36127","2025-11-30","25.00","AUD","1762347574","101429/2025-11-30/1762347574.json"
"485268","36127","2025-11-08","25.00","AUD","1762361346","101429/2025-11-08/1762361346.json"
"485268","36127","2025-11-07","25.00","AUD","1762361346","101429/2025-11-07/1762361346.json"
"485268","36127","2025-11-06","25.00","AUD","1762361346","101429/2025-11-06/1762361346.json"
"485268","36127","2025-11-09","25.00","AUD","1762361346","101429/2025-11-09/1762361346.json"
"485268","36127","2025-11-11","25.00","AUD","1762361346","101429/2025-11-11/1762361346.json"
"485268","36127","2025-11-10","25.00","AUD","1762361346","101429/2025-11-10/1762361346.json"
"485268","36127","2025-11-12","25.00","AUD","1762361346","101429/2025-11-12/1762361346.json"
"485268","36127","2025-11-13","25.00","AUD","1762361346","101429/2025-11-13/1762361346.json"
"485268","36127","2025-11-14","25.00","AUD","1762361346","101429/2025-11-14/1762361346.json"
"485268","36127","2025-11-16","25.00","AUD","1762361346","101429/2025-11-16/1762361346.json"
"485268","36127","2025-11-15","25.00","AUD","1762361346","101429/2025-11-15/1762361346.json"
"485268","36127","2025-11-17","25.00","AUD","1762361346","101429/2025-11-17/1762361346.json"
"485268","36127","2025-11-18","25.00","AUD","1762361346","101429/2025-11-18/1762361346.json"
"485268","36127","2025-11-19","25.00","AUD","1762361346","101429/2025-11-19/1762361346.json"
"485268","36127","2025-11-20","25.00","AUD","1762361346","101429/2025-11-20/1762361346.json"
"485268","36127","2025-11-21","25.00","AUD","1762361346","101429/2025-11-21/1762361346.json"
"485268","36127","2025-11-23","25.00","AUD","1762361346","101429/2025-11-23/1762361346.json"
"485268","36127","2025-11-24","25.00","AUD","1762361346","101429/2025-11-24/1762361346.json"
"485268","36127","2025-11-22","25.00","AUD","1762361346","101429/2025-11-22/1762361346.json"
"485268","36127","2025-11-29","25.00","AUD","1762361346","101429/2025-11-29/1762361346.json"
"485268","36127","2025-11-30","25.00","AUD","1762361346","101429/2025-11-30/1762361346.json"
"485268","36127","2025-11-07","25.00","AUD","1762375284","101429/2025-11-07/1762375284.json"
"485268","36127","2025-11-06","25.00","AUD","1762375284","101429/2025-11-06/1762375284.json"
"485268","36127","2025-11-08","25.00","AUD","1762375284","101429/2025-11-08/1762375284.json"
"485268","36127","2025-11-09","25.00","AUD","1762375284","101429/2025-11-09/1762375284.json"
"485268","36127","2025-11-10","25.00","AUD","1762375284","101429/2025-11-10/1762375284.json"
"485268","36127","2025-11-11","25.00","AUD","1762375284","101429/2025-11-11/1762375284.json"
"485268","36127","2025-11-12","25.00","AUD","1762375284","101429/2025-11-12/1762375284.json"
"485268","36127","2025-11-13","25.00","AUD","1762375284","101429/2025-11-13/1762375284.json"
"485268","36127","2025-11-14","25.00","AUD","1762375284","101429/2025-11-14/1762375284.json"
"485268","36127","2025-11-16","25.00","AUD","1762375284","101429/2025-11-16/1762375284.json"
"485268","36127","2025-11-17","25.00","AUD","1762375284","101429/2025-11-17/1762375284.json"
"485268","36127","2025-11-15","25.00","AUD","1762375284","101429/2025-11-15/1762375284.json"
"485268","36127","2025-11-18","25.00","AUD","1762375284","101429/2025-11-18/1762375284.json"
"485268","36127","2025-11-19","25.00","AUD","1762375284","101429/2025-11-19/1762375284.json"
"485268","36127","2025-11-20","25.00","AUD","1762375284","101429/2025-11-20/1762375284.json"
"485268","36127","2025-11-22","25.00","AUD","1762375284","101429/2025-11-22/1762375284.json"
"485268","36127","2025-11-21","25.00","AUD","1762375284","101429/2025-11-21/1762375284.json"
"485268","36127","2025-11-23","25.00","AUD","1762375284","101429/2025-11-23/1762375284.json"
"485268","36127","2025-11-24","25.00","AUD","1762375284","101429/2025-11-24/1762375284.json"
"485268","36127","2025-11-29","25.00","AUD","1762375284","101429/2025-11-29/1762375284.json"
"485268","36127","2025-11-30","25.00","AUD","1762375284","101429/2025-11-30/1762375284.json"
"485268","36127","2025-11-09","25.00","AUD","1762392720","101429/2025-11-09/1762392720.json"
"485268","36127","2025-11-08","25.00","AUD","1762392720","101429/2025-11-08/1762392720.json"
"485268","36127","2025-11-06","25.00","AUD","1762392720","101429/2025-11-06/1762392720.json"
"485268","36127","2025-11-07","25.00","AUD","1762392720","101429/2025-11-07/1762392720.json"
"485268","36127","2025-11-10","25.00","AUD","1762392720","101429/2025-11-10/1762392720.json"
"485268","36127","2025-11-12","25.00","AUD","1762392720","101429/2025-11-12/1762392720.json"
"485268","36127","2025-11-11","25.00","AUD","1762392720","101429/2025-11-11/1762392720.json"
"485268","36127","2025-11-13","25.00","AUD","1762392720","101429/2025-11-13/1762392720.json"
"485268","36127","2025-11-14","25.00","AUD","1762392720","101429/2025-11-14/1762392720.json"
"485268","36127","2025-11-15","25.00","AUD","1762392720","101429/2025-11-15/1762392720.json"
"485268","36127","2025-11-16","25.00","AUD","1762392720","101429/2025-11-16/1762392720.json"
"485268","36127","2025-11-17","25.00","AUD","1762392720","101429/2025-11-17/1762392720.json"
"485268","36127","2025-11-18","25.00","AUD","1762392720","101429/2025-11-18/1762392720.json"
"485268","36127","2025-11-21","25.00","AUD","1762392720","101429/2025-11-21/1762392720.json"
"485268","36127","2025-11-20","25.00","AUD","1762392720","101429/2025-11-20/1762392720.json"
"485268","36127","2025-11-19","25.00","AUD","1762392720","101429/2025-11-19/1762392720.json"
"485268","36127","2025-11-22","25.00","AUD","1762392720","101429/2025-11-22/1762392720.json"
"485268","36127","2025-11-23","25.00","AUD","1762392720","101429/2025-11-23/1762392720.json"
"485268","36127","2025-11-24","25.00","AUD","1762392720","101429/2025-11-24/1762392720.json"
"485268","36127","2025-11-29","25.00","AUD","1762392720","101429/2025-11-29/1762392720.json"
"485268","36127","2025-11-30","25.00","AUD","1762392720","101429/2025-11-30/1762392720.json"
"485268","36127","2025-11-06","25.00","AUD","1762404306","101429/2025-11-06/1762404306.json"
"485268","36127","2025-11-07","25.00","AUD","1762404306","101429/2025-11-07/1762404306.json"
"485268","36127","2025-11-08","25.00","AUD","1762404306","101429/2025-11-08/1762404306.json"
"485268","36127","2025-11-09","25.00","AUD","1762404306","101429/2025-11-09/1762404306.json"
"485268","36127","2025-11-13","25.00","AUD","1762404306","101429/2025-11-13/1762404306.json"
"485268","36127","2025-11-10","25.00","AUD","1762404306","101429/2025-11-10/1762404306.json"
"485268","36127","2025-11-12","25.00","AUD","1762404306","101429/2025-11-12/1762404306.json"
"485268","36127","2025-11-11","25.00","AUD","1762404306","101429/2025-11-11/1762404306.json"
"485268","36127","2025-11-15","25.00","AUD","1762404306","101429/2025-11-15/1762404306.json"
"485268","36127","2025-11-14","25.00","AUD","1762404306","101429/2025-11-14/1762404306.json"
"485268","36127","2025-11-17","25.00","AUD","1762404306","101429/2025-11-17/1762404306.json"
"485268","36127","2025-11-16","25.00","AUD","1762404306","101429/2025-11-16/1762404306.json"
"485268","36127","2025-11-19","25.00","AUD","1762404306","101429/2025-11-19/1762404306.json"
"485268","36127","2025-11-20","25.00","AUD","1762404306","101429/2025-11-20/1762404306.json"
"485268","36127","2025-11-21","25.00","AUD","1762404306","101429/2025-11-21/1762404306.json"
"485268","36127","2025-11-18","25.00","AUD","1762404306","101429/2025-11-18/1762404306.json"
"485268","36127","2025-11-22","25.00","AUD","1762404306","101429/2025-11-22/1762404306.json"
"485268","36127","2025-11-23","25.00","AUD","1762404306","101429/2025-11-23/1762404306.json"
"485268","36127","2025-11-24","25.00","AUD","1762404306","101429/2025-11-24/1762404306.json"
"485268","36127","2025-11-29","25.00","AUD","1762404306","101429/2025-11-29/1762404306.json"
"485268","36127","2025-11-30","25.00","AUD","1762404306","101429/2025-11-30/1762404306.json"
"485268","36127","2025-11-08","25.00","AUD","1762418913","101429/2025-11-08/1762418913.json"
"485268","36127","2025-11-07","25.00","AUD","1762418913","101429/2025-11-07/1762418913.json"
"485268","36127","2025-11-09","25.00","AUD","1762418913","101429/2025-11-09/1762418913.json"
"485268","36127","2025-11-10","25.00","AUD","1762418913","101429/2025-11-10/1762418913.json"
"485268","36127","2025-11-12","25.00","AUD","1762418913","101429/2025-11-12/1762418913.json"
"485268","36127","2025-11-13","25.00","AUD","1762418913","101429/2025-11-13/1762418913.json"
"485268","36127","2025-11-11","25.00","AUD","1762418913","101429/2025-11-11/1762418913.json"
"485268","36127","2025-11-14","25.00","AUD","1762418913","101429/2025-11-14/1762418913.json"
"485268","36127","2025-11-15","25.00","AUD","1762418913","101429/2025-11-15/1762418913.json"
"485268","36127","2025-11-16","25.00","AUD","1762418913","101429/2025-11-16/1762418913.json"
"485268","36127","2025-11-17","25.00","AUD","1762418913","101429/2025-11-17/1762418913.json"
"485268","36127","2025-11-18","25.00","AUD","1762418913","101429/2025-11-18/1762418913.json"
"485268","36127","2025-11-19","25.00","AUD","1762418913","101429/2025-11-19/1762418913.json"
"485268","36127","2025-11-20","25.00","AUD","1762418913","101429/2025-11-20/1762418913.json"
"485268","36127","2025-11-21","25.00","AUD","1762418913","101429/2025-11-21/1762418913.json"
"485268","36127","2025-11-23","25.00","AUD","1762418913","101429/2025-11-23/1762418913.json"
"485268","36127","2025-11-22","25.00","AUD","1762418913","101429/2025-11-22/1762418913.json"
"485268","36127","2025-11-24","25.00","AUD","1762418913","101429/2025-11-24/1762418913.json"
"485268","36127","2025-11-29","25.00","AUD","1762418913","101429/2025-11-29/1762418913.json"
"485268","36127","2025-11-30","25.00","AUD","1762418913","101429/2025-11-30/1762418913.json"
"485268","36127","2025-11-10","25.00","AUD","1762433754","101429/2025-11-10/1762433754.json"
"485268","36127","2025-11-11","25.00","AUD","1762433754","101429/2025-11-11/1762433754.json"
"485268","36127","2025-11-12","25.00","AUD","1762433754","101429/2025-11-12/1762433754.json"
"485268","36127","2025-11-13","25.00","AUD","1762433754","101429/2025-11-13/1762433754.json"
"485268","36127","2025-11-14","25.00","AUD","1762433754","101429/2025-11-14/1762433754.json"
"485268","36127","2025-11-16","25.00","AUD","1762433754","101429/2025-11-16/1762433754.json"
"485268","36127","2025-11-15","25.00","AUD","1762433754","101429/2025-11-15/1762433754.json"
"485268","36127","2025-11-17","25.00","AUD","1762433754","101429/2025-11-17/1762433754.json"
"485268","36127","2025-11-19","25.00","AUD","1762433754","101429/2025-11-19/1762433754.json"
"485268","36127","2025-11-20","25.00","AUD","1762433754","101429/2025-11-20/1762433754.json"
"485268","36127","2025-11-18","25.00","AUD","1762433754","101429/2025-11-18/1762433754.json"
"485268","36127","2025-11-21","25.00","AUD","1762433754","101429/2025-11-21/1762433754.json"
"485268","36127","2025-11-22","25.00","AUD","1762433754","101429/2025-11-22/1762433754.json"
"485268","36127","2025-11-23","25.00","AUD","1762433754","101429/2025-11-23/1762433754.json"
"485268","36127","2025-11-24","25.00","AUD","1762433754","101429/2025-11-24/1762433754.json"
"485268","36127","2025-11-29","25.00","AUD","1762433754","101429/2025-11-29/1762433754.json"
"485268","36127","2025-11-30","25.00","AUD","1762433754","101429/2025-11-30/1762433754.json"
"485268","36127","2025-11-10","25.00","AUD","1762447701","101429/2025-11-10/1762447701.json"
"485268","36127","2025-11-11","25.00","AUD","1762447701","101429/2025-11-11/1762447701.json"
"485268","36127","2025-11-12","25.00","AUD","1762447701","101429/2025-11-12/1762447701.json"
"485268","36127","2025-11-13","25.00","AUD","1762447701","101429/2025-11-13/1762447701.json"
"485268","36127","2025-11-14","25.00","AUD","1762447701","101429/2025-11-14/1762447701.json"
"485268","36127","2025-11-17","25.00","AUD","1762447701","101429/2025-11-17/1762447701.json"
"485268","36127","2025-11-15","25.00","AUD","1762447701","101429/2025-11-15/1762447701.json"
"485268","36127","2025-11-16","25.00","AUD","1762447701","101429/2025-11-16/1762447701.json"
"485268","36127","2025-11-18","25.00","AUD","1762447701","101429/2025-11-18/1762447701.json"
"485268","36127","2025-11-19","25.00","AUD","1762447701","101429/2025-11-19/1762447701.json"
"485268","36127","2025-11-20","25.00","AUD","1762447701","101429/2025-11-20/1762447701.json"
"485268","36127","2025-11-22","25.00","AUD","1762447701","101429/2025-11-22/1762447701.json"
"485268","36127","2025-11-23","25.00","AUD","1762447701","101429/2025-11-23/1762447701.json"
"485268","36127","2025-11-24","25.00","AUD","1762447701","101429/2025-11-24/1762447701.json"
"485268","36127","2025-11-21","25.00","AUD","1762447701","101429/2025-11-21/1762447701.json"
"485268","36127","2025-11-29","25.00","AUD","1762447701","101429/2025-11-29/1762447701.json"
"485268","36127","2025-11-30","25.00","AUD","1762447701","101429/2025-11-30/1762447701.json"
"485268","36127","2025-11-10","25.00","AUD","1762461643","101429/2025-11-10/1762461643.json"
"485268","36127","2025-11-11","25.00","AUD","1762461643","101429/2025-11-11/1762461643.json"
"485268","36127","2025-11-13","25.00","AUD","1762461643","101429/2025-11-13/1762461643.json"
"485268","36127","2025-11-12","25.00","AUD","1762461643","101429/2025-11-12/1762461643.json"
"485268","36127","2025-11-14","25.00","AUD","1762461643","101429/2025-11-14/1762461643.json"
"485268","36127","2025-11-15","25.00","AUD","1762461643","101429/2025-11-15/1762461643.json"
"485268","36127","2025-11-16","25.00","AUD","1762461643","101429/2025-11-16/1762461643.json"
"485268","36127","2025-11-17","25.00","AUD","1762461643","101429/2025-11-17/1762461643.json"
"485268","36127","2025-11-18","25.00","AUD","1762461643","101429/2025-11-18/1762461643.json"
"485268","36127","2025-11-19","25.00","AUD","1762461643","101429/2025-11-19/1762461643.json"
"485268","36127","2025-11-20","25.00","AUD","1762461643","101429/2025-11-20/1762461643.json"
"485268","36127","2025-11-21","25.00","AUD","1762461643","101429/2025-11-21/1762461643.json"
"485268","36127","2025-11-23","25.00","AUD","1762461643","101429/2025-11-23/1762461643.json"
"485268","36127","2025-11-22","25.00","AUD","1762461643","101429/2025-11-22/1762461643.json"
"485268","36127","2025-11-24","25.00","AUD","1762461643","101429/2025-11-24/1762461643.json"
"485268","36127","2025-11-29","25.00","AUD","1762461643","101429/2025-11-29/1762461643.json"
"485268","36127","2025-11-30","25.00","AUD","1762461643","101429/2025-11-30/1762461643.json"
"485268","36127","2025-11-14","25.00","AUD","1762479250","101429/2025-11-14/1762479250.json"
"485268","36127","2025-11-12","25.00","AUD","1762479250","101429/2025-11-12/1762479250.json"
"485268","36127","2025-11-13","25.00","AUD","1762479250","101429/2025-11-13/1762479250.json"
"485268","36127","2025-11-15","25.00","AUD","1762479250","101429/2025-11-15/1762479250.json"
"485268","36127","2025-11-16","25.00","AUD","1762479250","101429/2025-11-16/1762479250.json"
"485268","36127","2025-11-17","25.00","AUD","1762479250","101429/2025-11-17/1762479250.json"
"485268","36127","2025-11-18","25.00","AUD","1762479250","101429/2025-11-18/1762479250.json"
"485268","36127","2025-11-19","25.00","AUD","1762479250","101429/2025-11-19/1762479250.json"
"485268","36127","2025-11-20","25.00","AUD","1762479250","101429/2025-11-20/1762479250.json"
"485268","36127","2025-11-21","25.00","AUD","1762479250","101429/2025-11-21/1762479250.json"
"485268","36127","2025-11-23","25.00","AUD","1762479250","101429/2025-11-23/1762479250.json"
"485268","36127","2025-11-24","25.00","AUD","1762479250","101429/2025-11-24/1762479250.json"
"485268","36127","2025-11-22","25.00","AUD","1762479250","101429/2025-11-22/1762479250.json"
"485268","36127","2025-11-29","25.00","AUD","1762479250","101429/2025-11-29/1762479250.json"
"485268","36127","2025-11-30","25.00","AUD","1762479250","101429/2025-11-30/1762479250.json"
"485268","36127","2025-11-12","25.00","AUD","1762490548","101429/2025-11-12/1762490548.json"
"485268","36127","2025-11-13","25.00","AUD","1762490548","101429/2025-11-13/1762490548.json"
"485268","36127","2025-11-14","25.00","AUD","1762490548","101429/2025-11-14/1762490548.json"
"485268","36127","2025-11-15","25.00","AUD","1762490548","101429/2025-11-15/1762490548.json"
"485268","36127","2025-11-16","25.00","AUD","1762490548","101429/2025-11-16/1762490548.json"
"485268","36127","2025-11-20","25.00","AUD","1762490548","101429/2025-11-20/1762490548.json"
"485268","36127","2025-11-19","25.00","AUD","1762490548","101429/2025-11-19/1762490548.json"
"485268","36127","2025-11-17","25.00","AUD","1762490548","101429/2025-11-17/1762490548.json"
"485268","36127","2025-11-18","25.00","AUD","1762490548","101429/2025-11-18/1762490548.json"
"485268","36127","2025-11-22","25.00","AUD","1762490548","101429/2025-11-22/1762490548.json"
"485268","36127","2025-11-23","25.00","AUD","1762490548","101429/2025-11-23/1762490548.json"
"485268","36127","2025-11-24","25.00","AUD","1762490548","101429/2025-11-24/1762490548.json"
"485268","36127","2025-11-21","25.00","AUD","1762490548","101429/2025-11-21/1762490548.json"
"485268","36127","2025-11-30","25.00","AUD","1762490548","101429/2025-11-30/1762490548.json"
"485268","36127","2025-11-29","25.00","AUD","1762490548","101429/2025-11-29/1762490548.json"
"485268","36127","2025-11-12","25.00","AUD","1762505122","101429/2025-11-12/1762505122.json"
"485268","36127","2025-11-14","25.00","AUD","1762505122","101429/2025-11-14/1762505122.json"
"485268","36127","2025-11-13","25.00","AUD","1762505122","101429/2025-11-13/1762505122.json"
"485268","36127","2025-11-18","25.00","AUD","1762505122","101429/2025-11-18/1762505122.json"
"485268","36127","2025-11-15","25.00","AUD","1762505122","101429/2025-11-15/1762505122.json"
"485268","36127","2025-11-17","25.00","AUD","1762505122","101429/2025-11-17/1762505122.json"
"485268","36127","2025-11-16","25.00","AUD","1762505122","101429/2025-11-16/1762505122.json"
"485268","36127","2025-11-19","25.00","AUD","1762505122","101429/2025-11-19/1762505122.json"
"485268","36127","2025-11-20","25.00","AUD","1762505122","101429/2025-11-20/1762505122.json"
"485268","36127","2025-11-21","25.00","AUD","1762505122","101429/2025-11-21/1762505122.json"
"485268","36127","2025-11-22","25.00","AUD","1762505122","101429/2025-11-22/1762505122.json"
"485268","36127","2025-11-24","25.00","AUD","1762505122","101429/2025-11-24/1762505122.json"
"485268","36127","2025-11-23","25.00","AUD","1762505122","101429/2025-11-23/1762505122.json"
"485268","36127","2025-11-29","25.00","AUD","1762505122","101429/2025-11-29/1762505122.json"
"485268","36127","2025-11-30","25.00","AUD","1762505122","101429/2025-11-30/1762505122.json"
"485268","36127","2025-11-12","25.00","AUD","1762519972","101429/2025-11-12/1762519972.json"
"485268","36127","2025-11-13","25.00","AUD","1762519972","101429/2025-11-13/1762519972.json"
"485268","36127","2025-11-14","25.00","AUD","1762519972","101429/2025-11-14/1762519972.json"
"485268","36127","2025-11-15","25.00","AUD","1762519972","101429/2025-11-15/1762519972.json"
"485268","36127","2025-11-16","25.00","AUD","1762519972","101429/2025-11-16/1762519972.json"
"485268","36127","2025-11-17","25.00","AUD","1762519972","101429/2025-11-17/1762519972.json"
"485268","36127","2025-11-18","25.00","AUD","1762519972","101429/2025-11-18/1762519972.json"
"485268","36127","2025-11-19","25.00","AUD","1762519972","101429/2025-11-19/1762519972.json"
"485268","36127","2025-11-20","25.00","AUD","1762519972","101429/2025-11-20/1762519972.json"
"485268","36127","2025-11-21","25.00","AUD","1762519972","101429/2025-11-21/1762519972.json"
"485268","36127","2025-11-22","25.00","AUD","1762519972","101429/2025-11-22/1762519972.json"
"485268","36127","2025-11-23","25.00","AUD","1762519972","101429/2025-11-23/1762519972.json"
"485268","36127","2025-11-24","25.00","AUD","1762519972","101429/2025-11-24/1762519972.json"
"485268","36127","2025-11-30","25.00","AUD","1762519972","101429/2025-11-30/1762519972.json"
"485268","36127","2025-11-29","25.00","AUD","1762519972","101429/2025-11-29/1762519972.json"
"485268","36127","2025-11-14","25.00","AUD","1762533810","101429/2025-11-14/1762533810.json"
"485268","36127","2025-11-13","25.00","AUD","1762533810","101429/2025-11-13/1762533810.json"
"485268","36127","2025-11-12","25.00","AUD","1762533810","101429/2025-11-12/1762533810.json"
"485268","36127","2025-11-15","25.00","AUD","1762533810","101429/2025-11-15/1762533810.json"
"485268","36127","2025-11-16","25.00","AUD","1762533810","101429/2025-11-16/1762533810.json"
"485268","36127","2025-11-19","25.00","AUD","1762533810","101429/2025-11-19/1762533810.json"
"485268","36127","2025-11-18","25.00","AUD","1762533810","101429/2025-11-18/1762533810.json"
"485268","36127","2025-11-17","25.00","AUD","1762533810","101429/2025-11-17/1762533810.json"
"485268","36127","2025-11-20","25.00","AUD","1762533810","101429/2025-11-20/1762533810.json"
"485268","36127","2025-11-21","25.00","AUD","1762533810","101429/2025-11-21/1762533810.json"
"485268","36127","2025-11-23","25.00","AUD","1762533810","101429/2025-11-23/1762533810.json"
"485268","36127","2025-11-22","25.00","AUD","1762533810","101429/2025-11-22/1762533810.json"
"485268","36127","2025-11-24","25.00","AUD","1762533810","101429/2025-11-24/1762533810.json"
"485268","36127","2025-11-29","25.00","AUD","1762533810","101429/2025-11-29/1762533810.json"
"485268","36127","2025-11-30","25.00","AUD","1762533810","101429/2025-11-30/1762533810.json"
"485268","36127","2025-11-12","25.00","AUD","1762548211","101429/2025-11-12/1762548211.json"
"485268","36127","2025-11-14","25.00","AUD","1762548211","101429/2025-11-14/1762548211.json"
"485268","36127","2025-11-15","25.00","AUD","1762548211","101429/2025-11-15/1762548211.json"
"485268","36127","2025-11-13","25.00","AUD","1762548211","101429/2025-11-13/1762548211.json"
"485268","36127","2025-11-16","25.00","AUD","1762548211","101429/2025-11-16/1762548211.json"
"485268","36127","2025-11-18","25.00","AUD","1762548211","101429/2025-11-18/1762548211.json"
"485268","36127","2025-11-17","25.00","AUD","1762548211","101429/2025-11-17/1762548211.json"
"485268","36127","2025-11-19","25.00","AUD","1762548211","101429/2025-11-19/1762548211.json"
"485268","36127","2025-11-22","25.00","AUD","1762548211","101429/2025-11-22/1762548211.json"
"485268","36127","2025-11-21","25.00","AUD","1762548211","101429/2025-11-21/1762548211.json"
"485268","36127","2025-11-23","25.00","AUD","1762548211","101429/2025-11-23/1762548211.json"
"485268","36127","2025-11-20","25.00","AUD","1762548211","101429/2025-11-20/1762548211.json"
"485268","36127","2025-11-24","25.00","AUD","1762548211","101429/2025-11-24/1762548211.json"
"485268","36127","2025-11-29","25.00","AUD","1762548211","101429/2025-11-29/1762548211.json"
"485268","36127","2025-11-30","25.00","AUD","1762548211","101429/2025-11-30/1762548211.json"
"485268","36127","2025-11-14","25.00","AUD","1762565465","101429/2025-11-14/1762565465.json"
"485268","36127","2025-11-15","25.00","AUD","1762565465","101429/2025-11-15/1762565465.json"
"485268","36127","2025-11-12","25.00","AUD","1762565465","101429/2025-11-12/1762565465.json"
"485268","36127","2025-11-13","25.00","AUD","1762565465","101429/2025-11-13/1762565465.json"
"485268","36127","2025-11-16","25.00","AUD","1762565465","101429/2025-11-16/1762565465.json"
"485268","36127","2025-11-19","25.00","AUD","1762565465","101429/2025-11-19/1762565465.json"
"485268","36127","2025-11-17","25.00","AUD","1762565465","101429/2025-11-17/1762565465.json"
"485268","36127","2025-11-18","25.00","AUD","1762565465","101429/2025-11-18/1762565465.json"
"485268","36127","2025-11-20","25.00","AUD","1762565465","101429/2025-11-20/1762565465.json"
"485268","36127","2025-11-23","25.00","AUD","1762565465","101429/2025-11-23/1762565465.json"
"485268","36127","2025-11-22","25.00","AUD","1762565465","101429/2025-11-22/1762565465.json"
"485268","36127","2025-11-21","25.00","AUD","1762565465","101429/2025-11-21/1762565465.json"
"485268","36127","2025-11-24","25.00","AUD","1762565465","101429/2025-11-24/1762565465.json"
"485268","36127","2025-11-29","25.00","AUD","1762565465","101429/2025-11-29/1762565465.json"
"485268","36127","2025-11-30","25.00","AUD","1762565465","101429/2025-11-30/1762565465.json"
"485268","36127","2025-11-12","25.00","AUD","1762577032","101429/2025-11-12/1762577032.json"
"485268","36127","2025-11-14","25.00","AUD","1762577032","101429/2025-11-14/1762577032.json"
"485268","36127","2025-11-13","25.00","AUD","1762577032","101429/2025-11-13/1762577032.json"
"485268","36127","2025-11-15","25.00","AUD","1762577032","101429/2025-11-15/1762577032.json"
"485268","36127","2025-11-16","25.00","AUD","1762577032","101429/2025-11-16/1762577032.json"
"485268","36127","2025-11-17","25.00","AUD","1762577032","101429/2025-11-17/1762577032.json"
"485268","36127","2025-11-18","25.00","AUD","1762577032","101429/2025-11-18/1762577032.json"
"485268","36127","2025-11-19","25.00","AUD","1762577032","101429/2025-11-19/1762577032.json"
"485268","36127","2025-11-21","25.00","AUD","1762577032","101429/2025-11-21/1762577032.json"
"485268","36127","2025-11-20","25.00","AUD","1762577032","101429/2025-11-20/1762577032.json"
"485268","36127","2025-11-22","25.00","AUD","1762577032","101429/2025-11-22/1762577032.json"
"485268","36127","2025-11-23","25.00","AUD","1762577032","101429/2025-11-23/1762577032.json"
"485268","36127","2025-11-24","25.00","AUD","1762577032","101429/2025-11-24/1762577032.json"
"485268","36127","2025-11-29","25.00","AUD","1762577032","101429/2025-11-29/1762577032.json"
"485268","36127","2025-11-30","25.00","AUD","1762577032","101429/2025-11-30/1762577032.json"
"485268","36127","2025-11-12","25.00","AUD","1762591284","101429/2025-11-12/1762591284.json"
"485268","36127","2025-11-15","25.00","AUD","1762591284","101429/2025-11-15/1762591284.json"
"485268","36127","2025-11-13","25.00","AUD","1762591284","101429/2025-11-13/1762591284.json"
"485268","36127","2025-11-14","25.00","AUD","1762591284","101429/2025-11-14/1762591284.json"
"485268","36127","2025-11-16","25.00","AUD","1762591284","101429/2025-11-16/1762591284.json"
"485268","36127","2025-11-19","25.00","AUD","1762591284","101429/2025-11-19/1762591284.json"
"485268","36127","2025-11-18","25.00","AUD","1762591284","101429/2025-11-18/1762591284.json"
"485268","36127","2025-11-17","25.00","AUD","1762591284","101429/2025-11-17/1762591284.json"
"485268","36127","2025-11-20","25.00","AUD","1762591284","101429/2025-11-20/1762591284.json"
"485268","36127","2025-11-21","25.00","AUD","1762591284","101429/2025-11-21/1762591284.json"
"485268","36127","2025-11-24","25.00","AUD","1762591284","101429/2025-11-24/1762591284.json"
"485268","36127","2025-11-23","25.00","AUD","1762591284","101429/2025-11-23/1762591284.json"
"485268","36127","2025-11-22","25.00","AUD","1762591284","101429/2025-11-22/1762591284.json"
"485268","36127","2025-11-29","25.00","AUD","1762591284","101429/2025-11-29/1762591284.json"
"485268","36127","2025-11-30","25.00","AUD","1762591284","101429/2025-11-30/1762591284.json"
"485268","36127","2025-11-12","25.00","AUD","1762606235","101429/2025-11-12/1762606235.json"
"485268","36127","2025-11-14","25.00","AUD","1762606235","101429/2025-11-14/1762606235.json"
"485268","36127","2025-11-15","25.00","AUD","1762606235","101429/2025-11-15/1762606235.json"
"485268","36127","2025-11-13","25.00","AUD","1762606235","101429/2025-11-13/1762606235.json"
"485268","36127","2025-11-16","25.00","AUD","1762606235","101429/2025-11-16/1762606235.json"
"485268","36127","2025-11-18","25.00","AUD","1762606235","101429/2025-11-18/1762606235.json"
"485268","36127","2025-11-20","25.00","AUD","1762606235","101429/2025-11-20/1762606235.json"
"485268","36127","2025-11-19","25.00","AUD","1762606235","101429/2025-11-19/1762606235.json"
"485268","36127","2025-11-21","25.00","AUD","1762606235","101429/2025-11-21/1762606235.json"
"485268","36127","2025-11-17","25.00","AUD","1762606235","101429/2025-11-17/1762606235.json"
"485268","36127","2025-11-22","25.00","AUD","1762606235","101429/2025-11-22/1762606235.json"
"485268","36127","2025-11-23","25.00","AUD","1762606235","101429/2025-11-23/1762606235.json"
"485268","36127","2025-11-24","25.00","AUD","1762606235","101429/2025-11-24/1762606235.json"
"485268","36127","2025-11-29","25.00","AUD","1762606235","101429/2025-11-29/1762606235.json"
"485268","36127","2025-11-30","25.00","AUD","1762606235","101429/2025-11-30/1762606235.json"
"485268","36127","2025-11-12","25.00","AUD","1762620163","101429/2025-11-12/1762620163.json"
"485268","36127","2025-11-13","25.00","AUD","1762620163","101429/2025-11-13/1762620163.json"
"485268","36127","2025-11-14","25.00","AUD","1762620163","101429/2025-11-14/1762620163.json"
"485268","36127","2025-11-15","25.00","AUD","1762620163","101429/2025-11-15/1762620163.json"
"485268","36127","2025-11-17","25.00","AUD","1762620163","101429/2025-11-17/1762620163.json"
"485268","36127","2025-11-16","25.00","AUD","1762620163","101429/2025-11-16/1762620163.json"
"485268","36127","2025-11-18","25.00","AUD","1762620163","101429/2025-11-18/1762620163.json"
"485268","36127","2025-11-19","25.00","AUD","1762620163","101429/2025-11-19/1762620163.json"
"485268","36127","2025-11-20","25.00","AUD","1762620163","101429/2025-11-20/1762620163.json"
"485268","36127","2025-11-21","25.00","AUD","1762620163","101429/2025-11-21/1762620163.json"
"485268","36127","2025-11-23","25.00","AUD","1762620163","101429/2025-11-23/1762620163.json"
"485268","36127","2025-11-22","25.00","AUD","1762620163","101429/2025-11-22/1762620163.json"
"485268","36127","2025-11-24","25.00","AUD","1762620163","101429/2025-11-24/1762620163.json"
"485268","36127","2025-11-29","25.00","AUD","1762620163","101429/2025-11-29/1762620163.json"
"485268","36127","2025-11-30","25.00","AUD","1762620163","101429/2025-11-30/1762620163.json"
"485268","36127","2025-11-12","25.00","AUD","1762634572","101429/2025-11-12/1762634572.json"
"485268","36127","2025-11-13","25.00","AUD","1762634572","101429/2025-11-13/1762634572.json"
"485268","36127","2025-11-15","25.00","AUD","1762634572","101429/2025-11-15/1762634572.json"
"485268","36127","2025-11-14","25.00","AUD","1762634572","101429/2025-11-14/1762634572.json"
"485268","36127","2025-11-16","25.00","AUD","1762634572","101429/2025-11-16/1762634572.json"
"485268","36127","2025-11-18","25.00","AUD","1762634572","101429/2025-11-18/1762634572.json"
"485268","36127","2025-11-20","25.00","AUD","1762634572","101429/2025-11-20/1762634572.json"
"485268","36127","2025-11-17","25.00","AUD","1762634572","101429/2025-11-17/1762634572.json"
"485268","36127","2025-11-19","25.00","AUD","1762634572","101429/2025-11-19/1762634572.json"
"485268","36127","2025-11-21","25.00","AUD","1762634572","101429/2025-11-21/1762634572.json"
"485268","36127","2025-11-22","25.00","AUD","1762634572","101429/2025-11-22/1762634572.json"
"485268","36127","2025-11-23","25.00","AUD","1762634572","101429/2025-11-23/1762634572.json"
"485268","36127","2025-11-24","25.00","AUD","1762634572","101429/2025-11-24/1762634572.json"
"485268","36127","2025-11-29","25.00","AUD","1762634572","101429/2025-11-29/1762634572.json"
"485268","36127","2025-11-30","25.00","AUD","1762634572","101429/2025-11-30/1762634572.json"
"485268","36127","2025-11-12","25.00","AUD","1762652156","101429/2025-11-12/1762652156.json"
"485268","36127","2025-11-15","25.00","AUD","1762652156","101429/2025-11-15/1762652156.json"
"485268","36127","2025-11-14","25.00","AUD","1762652156","101429/2025-11-14/1762652156.json"
"485268","36127","2025-11-16","25.00","AUD","1762652156","101429/2025-11-16/1762652156.json"
"485268","36127","2025-11-13","25.00","AUD","1762652156","101429/2025-11-13/1762652156.json"
"485268","36127","2025-11-17","25.00","AUD","1762652156","101429/2025-11-17/1762652156.json"
"485268","36127","2025-11-20","25.00","AUD","1762652156","101429/2025-11-20/1762652156.json"
"485268","36127","2025-11-18","25.00","AUD","1762652156","101429/2025-11-18/1762652156.json"
"485268","36127","2025-11-19","25.00","AUD","1762652156","101429/2025-11-19/1762652156.json"
"485268","36127","2025-11-23","25.00","AUD","1762652156","101429/2025-11-23/1762652156.json"
"485268","36127","2025-11-21","25.00","AUD","1762652156","101429/2025-11-21/1762652156.json"
"485268","36127","2025-11-24","25.00","AUD","1762652156","101429/2025-11-24/1762652156.json"
"485268","36127","2025-11-22","25.00","AUD","1762652156","101429/2025-11-22/1762652156.json"
"485268","36127","2025-11-29","25.00","AUD","1762652156","101429/2025-11-29/1762652156.json"
"485268","36127","2025-11-30","25.00","AUD","1762652156","101429/2025-11-30/1762652156.json"
"485268","36127","2025-11-12","25.00","AUD","1762663301","101429/2025-11-12/1762663301.json"
"485268","36127","2025-11-16","25.00","AUD","1762663301","101429/2025-11-16/1762663301.json"
"485268","36127","2025-11-15","25.00","AUD","1762663301","101429/2025-11-15/1762663301.json"
"485268","36127","2025-11-14","25.00","AUD","1762663301","101429/2025-11-14/1762663301.json"
"485268","36127","2025-11-13","25.00","AUD","1762663301","101429/2025-11-13/1762663301.json"
"485268","36127","2025-11-17","25.00","AUD","1762663301","101429/2025-11-17/1762663301.json"
"485268","36127","2025-11-18","25.00","AUD","1762663301","101429/2025-11-18/1762663301.json"
"485268","36127","2025-11-20","25.00","AUD","1762663301","101429/2025-11-20/1762663301.json"
"485268","36127","2025-11-19","25.00","AUD","1762663301","101429/2025-11-19/1762663301.json"
"485268","36127","2025-11-21","25.00","AUD","1762663301","101429/2025-11-21/1762663301.json"
"485268","36127","2025-11-22","25.00","AUD","1762663301","101429/2025-11-22/1762663301.json"
"485268","36127","2025-11-23","25.00","AUD","1762663301","101429/2025-11-23/1762663301.json"
"485268","36127","2025-11-24","25.00","AUD","1762663301","101429/2025-11-24/1762663301.json"
"485268","36127","2025-11-29","25.00","AUD","1762663301","101429/2025-11-29/1762663301.json"
"485268","36127","2025-11-30","25.00","AUD","1762663301","101429/2025-11-30/1762663301.json"
"485268","36127","2025-11-12","25.00","AUD","1762677694","101429/2025-11-12/1762677694.json"
"485268","36127","2025-11-13","25.00","AUD","1762677694","101429/2025-11-13/1762677694.json"
"485268","36127","2025-11-15","25.00","AUD","1762677694","101429/2025-11-15/1762677694.json"
"485268","36127","2025-11-14","25.00","AUD","1762677694","101429/2025-11-14/1762677694.json"
"485268","36127","2025-11-16","25.00","AUD","1762677694","101429/2025-11-16/1762677694.json"
"485268","36127","2025-11-18","25.00","AUD","1762677694","101429/2025-11-18/1762677694.json"
"485268","36127","2025-11-17","25.00","AUD","1762677694","101429/2025-11-17/1762677694.json"
"485268","36127","2025-11-20","25.00","AUD","1762677694","101429/2025-11-20/1762677694.json"
"485268","36127","2025-11-19","25.00","AUD","1762677694","101429/2025-11-19/1762677694.json"
"485268","36127","2025-11-22","25.00","AUD","1762677694","101429/2025-11-22/1762677694.json"
"485268","36127","2025-11-23","25.00","AUD","1762677694","101429/2025-11-23/1762677694.json"
"485268","36127","2025-11-21","25.00","AUD","1762677694","101429/2025-11-21/1762677694.json"
"485268","36127","2025-11-24","25.00","AUD","1762677694","101429/2025-11-24/1762677694.json"
"485268","36127","2025-11-29","25.00","AUD","1762677694","101429/2025-11-29/1762677694.json"
"485268","36127","2025-11-30","25.00","AUD","1762677694","101429/2025-11-30/1762677694.json"
"485268","36127","2025-11-12","25.00","AUD","1762692874","101429/2025-11-12/1762692874.json"
"485268","36127","2025-11-13","25.00","AUD","1762692874","101429/2025-11-13/1762692874.json"
"485268","36127","2025-11-14","25.00","AUD","1762692874","101429/2025-11-14/1762692874.json"
"485268","36127","2025-11-15","25.00","AUD","1762692874","101429/2025-11-15/1762692874.json"
"485268","36127","2025-11-16","25.00","AUD","1762692874","101429/2025-11-16/1762692874.json"
"485268","36127","2025-11-17","25.00","AUD","1762692874","101429/2025-11-17/1762692874.json"
"485268","36127","2025-11-20","25.00","AUD","1762692874","101429/2025-11-20/1762692874.json"
"485268","36127","2025-11-19","25.00","AUD","1762692874","101429/2025-11-19/1762692874.json"
"485268","36127","2025-11-18","25.00","AUD","1762692874","101429/2025-11-18/1762692874.json"
"485268","36127","2025-11-21","25.00","AUD","1762692874","101429/2025-11-21/1762692874.json"
"485268","36127","2025-11-22","25.00","AUD","1762692874","101429/2025-11-22/1762692874.json"
"485268","36127","2025-11-23","25.00","AUD","1762692874","101429/2025-11-23/1762692874.json"
"485268","36127","2025-11-24","25.00","AUD","1762692874","101429/2025-11-24/1762692874.json"
"485268","36127","2025-11-29","25.00","AUD","1762692874","101429/2025-11-29/1762692874.json"
"485268","36127","2025-11-30","25.00","AUD","1762692874","101429/2025-11-30/1762692874.json"
"485268","36127","2025-11-13","25.00","AUD","1762706467","101429/2025-11-13/1762706467.json"
"485268","36127","2025-11-12","25.00","AUD","1762706467","101429/2025-11-12/1762706467.json"
"485268","36127","2025-11-15","25.00","AUD","1762706467","101429/2025-11-15/1762706467.json"
"485268","36127","2025-11-14","25.00","AUD","1762706467","101429/2025-11-14/1762706467.json"
"485268","36127","2025-11-16","25.00","AUD","1762706467","101429/2025-11-16/1762706467.json"
"485268","36127","2025-11-19","25.00","AUD","1762706467","101429/2025-11-19/1762706467.json"
"485268","36127","2025-11-17","25.00","AUD","1762706467","101429/2025-11-17/1762706467.json"
"485268","36127","2025-11-18","25.00","AUD","1762706467","101429/2025-11-18/1762706467.json"
"485268","36127","2025-11-20","25.00","AUD","1762706467","101429/2025-11-20/1762706467.json"
"485268","36127","2025-11-21","25.00","AUD","1762706467","101429/2025-11-21/1762706467.json"
"485268","36127","2025-11-22","25.00","AUD","1762706467","101429/2025-11-22/1762706467.json"
"485268","36127","2025-11-23","25.00","AUD","1762706467","101429/2025-11-23/1762706467.json"
"485268","36127","2025-11-24","25.00","AUD","1762706467","101429/2025-11-24/1762706467.json"
"485268","36127","2025-11-30","25.00","AUD","1762706467","101429/2025-11-30/1762706467.json"
"485268","36127","2025-11-29","25.00","AUD","1762706467","101429/2025-11-29/1762706467.json"
"485268","36127","2025-11-12","25.00","AUD","1762720798","101429/2025-11-12/1762720798.json"
"485268","36127","2025-11-13","25.00","AUD","1762720798","101429/2025-11-13/1762720798.json"
"485268","36127","2025-11-17","25.00","AUD","1762720798","101429/2025-11-17/1762720798.json"
"485268","36127","2025-11-16","25.00","AUD","1762720798","101429/2025-11-16/1762720798.json"
"485268","36127","2025-11-14","25.00","AUD","1762720798","101429/2025-11-14/1762720798.json"
"485268","36127","2025-11-15","25.00","AUD","1762720798","101429/2025-11-15/1762720798.json"
"485268","36127","2025-11-18","25.00","AUD","1762720798","101429/2025-11-18/1762720798.json"
"485268","36127","2025-11-21","25.00","AUD","1762720798","101429/2025-11-21/1762720798.json"
"485268","36127","2025-11-20","25.00","AUD","1762720798","101429/2025-11-20/1762720798.json"
"485268","36127","2025-11-19","25.00","AUD","1762720798","101429/2025-11-19/1762720798.json"
"485268","36127","2025-11-22","25.00","AUD","1762720798","101429/2025-11-22/1762720798.json"
"485268","36127","2025-11-23","25.00","AUD","1762720798","101429/2025-11-23/1762720798.json"
"485268","36127","2025-11-24","25.00","AUD","1762720798","101429/2025-11-24/1762720798.json"
"485268","36127","2025-11-29","25.00","AUD","1762720798","101429/2025-11-29/1762720798.json"
"485268","36127","2025-11-30","25.00","AUD","1762720798","101429/2025-11-30/1762720798.json"
"485268","36127","2025-11-13","25.00","AUD","1762738610","101429/2025-11-13/1762738610.json"
"485268","36127","2025-11-12","25.00","AUD","1762738610","101429/2025-11-12/1762738610.json"
"485268","36127","2025-11-16","25.00","AUD","1762738610","101429/2025-11-16/1762738610.json"
"485268","36127","2025-11-14","25.00","AUD","1762738610","101429/2025-11-14/1762738610.json"
"485268","36127","2025-11-15","25.00","AUD","1762738610","101429/2025-11-15/1762738610.json"
"485268","36127","2025-11-17","25.00","AUD","1762738610","101429/2025-11-17/1762738610.json"
"485268","36127","2025-11-19","25.00","AUD","1762738610","101429/2025-11-19/1762738610.json"
"485268","36127","2025-11-20","25.00","AUD","1762738610","101429/2025-11-20/1762738610.json"
"485268","36127","2025-11-18","25.00","AUD","1762738610","101429/2025-11-18/1762738610.json"
"485268","36127","2025-11-21","25.00","AUD","1762738610","101429/2025-11-21/1762738610.json"
"485268","36127","2025-11-22","25.00","AUD","1762738610","101429/2025-11-22/1762738610.json"
"485268","36127","2025-11-23","25.00","AUD","1762738610","101429/2025-11-23/1762738610.json"
"485268","36127","2025-11-24","25.00","AUD","1762738610","101429/2025-11-24/1762738610.json"
"485268","36127","2025-11-29","25.00","AUD","1762738610","101429/2025-11-29/1762738610.json"
"485268","36127","2025-11-30","25.00","AUD","1762738610","101429/2025-11-30/1762738610.json"
"485268","36127","2025-11-12","25.00","AUD","1762750264","101429/2025-11-12/1762750264.json"
"485268","36127","2025-11-13","25.00","AUD","1762750264","101429/2025-11-13/1762750264.json"
"485268","36127","2025-11-14","25.00","AUD","1762750264","101429/2025-11-14/1762750264.json"
"485268","36127","2025-11-16","25.00","AUD","1762750264","101429/2025-11-16/1762750264.json"
"485268","36127","2025-11-17","25.00","AUD","1762750264","101429/2025-11-17/1762750264.json"
"485268","36127","2025-11-15","25.00","AUD","1762750264","101429/2025-11-15/1762750264.json"
"485268","36127","2025-11-18","25.00","AUD","1762750264","101429/2025-11-18/1762750264.json"
"485268","36127","2025-11-20","25.00","AUD","1762750264","101429/2025-11-20/1762750264.json"
"485268","36127","2025-11-19","25.00","AUD","1762750264","101429/2025-11-19/1762750264.json"
"485268","36127","2025-11-21","25.00","AUD","1762750264","101429/2025-11-21/1762750264.json"
"485268","36127","2025-11-22","25.00","AUD","1762750264","101429/2025-11-22/1762750264.json"
"485268","36127","2025-11-24","25.00","AUD","1762750264","101429/2025-11-24/1762750264.json"
"485268","36127","2025-11-23","25.00","AUD","1762750264","101429/2025-11-23/1762750264.json"
"485268","36127","2025-11-29","25.00","AUD","1762750264","101429/2025-11-29/1762750264.json"
"485268","36127","2025-11-30","25.00","AUD","1762750264","101429/2025-11-30/1762750264.json"
"485268","36127","2025-11-13","25.00","AUD","1762764624","101429/2025-11-13/1762764624.json"
"485268","36127","2025-11-12","25.00","AUD","1762764624","101429/2025-11-12/1762764624.json"
"485268","36127","2025-11-14","25.00","AUD","1762764624","101429/2025-11-14/1762764624.json"
"485268","36127","2025-11-15","25.00","AUD","1762764624","101429/2025-11-15/1762764624.json"
"485268","36127","2025-11-16","25.00","AUD","1762764624","101429/2025-11-16/1762764624.json"
"485268","36127","2025-11-17","25.00","AUD","1762764624","101429/2025-11-17/1762764624.json"
"485268","36127","2025-11-18","25.00","AUD","1762764624","101429/2025-11-18/1762764624.json"
"485268","36127","2025-11-19","25.00","AUD","1762764624","101429/2025-11-19/1762764624.json"
"485268","36127","2025-11-20","25.00","AUD","1762764624","101429/2025-11-20/1762764624.json"
"485268","36127","2025-11-21","25.00","AUD","1762764624","101429/2025-11-21/1762764624.json"
"485268","36127","2025-11-23","25.00","AUD","1762764624","101429/2025-11-23/1762764624.json"
"485268","36127","2025-11-24","25.00","AUD","1762764624","101429/2025-11-24/1762764624.json"
"485268","36127","2025-11-22","25.00","AUD","1762764624","101429/2025-11-22/1762764624.json"
"485268","36127","2025-11-29","25.00","AUD","1762764624","101429/2025-11-29/1762764624.json"
"485268","36127","2025-11-30","25.00","AUD","1762764624","101429/2025-11-30/1762764624.json"
"485268","36127","2025-11-13","25.00","AUD","1762779417","101429/2025-11-13/1762779417.json"
"485268","36127","2025-11-12","25.00","AUD","1762779417","101429/2025-11-12/1762779417.json"
"485268","36127","2025-11-16","25.00","AUD","1762779417","101429/2025-11-16/1762779417.json"
"485268","36127","2025-11-14","25.00","AUD","1762779417","101429/2025-11-14/1762779417.json"
"485268","36127","2025-11-15","25.00","AUD","1762779417","101429/2025-11-15/1762779417.json"
"485268","36127","2025-11-17","25.00","AUD","1762779417","101429/2025-11-17/1762779417.json"
"485268","36127","2025-11-21","25.00","AUD","1762779417","101429/2025-11-21/1762779417.json"
"485268","36127","2025-11-20","25.00","AUD","1762779417","101429/2025-11-20/1762779417.json"
"485268","36127","2025-11-19","25.00","AUD","1762779417","101429/2025-11-19/1762779417.json"
"485268","36127","2025-11-18","25.00","AUD","1762779417","101429/2025-11-18/1762779417.json"
"485268","36127","2025-11-22","25.00","AUD","1762779417","101429/2025-11-22/1762779417.json"
"485268","36127","2025-11-23","25.00","AUD","1762779417","101429/2025-11-23/1762779417.json"
"485268","36127","2025-11-24","25.00","AUD","1762779417","101429/2025-11-24/1762779417.json"
"485268","36127","2025-11-29","25.00","AUD","1762779417","101429/2025-11-29/1762779417.json"
"485268","36127","2025-11-30","25.00","AUD","1762779417","101429/2025-11-30/1762779417.json"
"485268","36127","2025-11-12","25.00","AUD","1762793134","101429/2025-11-12/1762793134.json"
"485268","36127","2025-11-13","25.00","AUD","1762793134","101429/2025-11-13/1762793134.json"
"485268","36127","2025-11-14","25.00","AUD","1762793134","101429/2025-11-14/1762793134.json"
"485268","36127","2025-11-15","25.00","AUD","1762793134","101429/2025-11-15/1762793134.json"
"485268","36127","2025-11-18","25.00","AUD","1762793134","101429/2025-11-18/1762793134.json"
"485268","36127","2025-11-17","25.00","AUD","1762793134","101429/2025-11-17/1762793134.json"
"485268","36127","2025-11-16","25.00","AUD","1762793134","101429/2025-11-16/1762793134.json"
"485268","36127","2025-11-19","25.00","AUD","1762793134","101429/2025-11-19/1762793134.json"
"485268","36127","2025-11-20","25.00","AUD","1762793134","101429/2025-11-20/1762793134.json"
"485268","36127","2025-11-21","25.00","AUD","1762793134","101429/2025-11-21/1762793134.json"
"485268","36127","2025-11-22","25.00","AUD","1762793134","101429/2025-11-22/1762793134.json"
"485268","36127","2025-11-23","25.00","AUD","1762793134","101429/2025-11-23/1762793134.json"
"485268","36127","2025-11-24","25.00","AUD","1762793134","101429/2025-11-24/1762793134.json"
"485268","36127","2025-11-29","25.00","AUD","1762793134","101429/2025-11-29/1762793134.json"
"485268","36127","2025-11-30","25.00","AUD","1762793134","101429/2025-11-30/1762793134.json"
"485268","36127","2025-11-12","25.00","AUD","1762807378","101429/2025-11-12/1762807378.json"
"485268","36127","2025-11-13","25.00","AUD","1762807378","101429/2025-11-13/1762807378.json"
"485268","36127","2025-11-14","25.00","AUD","1762807378","101429/2025-11-14/1762807378.json"
"485268","36127","2025-11-16","25.00","AUD","1762807378","101429/2025-11-16/1762807378.json"
"485268","36127","2025-11-17","25.00","AUD","1762807378","101429/2025-11-17/1762807378.json"
"485268","36127","2025-11-18","25.00","AUD","1762807378","101429/2025-11-18/1762807378.json"
"485268","36127","2025-11-15","25.00","AUD","1762807378","101429/2025-11-15/1762807378.json"
"485268","36127","2025-11-19","25.00","AUD","1762807378","101429/2025-11-19/1762807378.json"
"485268","36127","2025-11-20","25.00","AUD","1762807378","101429/2025-11-20/1762807378.json"
"485268","36127","2025-11-21","25.00","AUD","1762807378","101429/2025-11-21/1762807378.json"
"485268","36127","2025-11-23","25.00","AUD","1762807378","101429/2025-11-23/1762807378.json"
"485268","36127","2025-11-22","25.00","AUD","1762807378","101429/2025-11-22/1762807378.json"
"485268","36127","2025-11-24","25.00","AUD","1762807378","101429/2025-11-24/1762807378.json"
"485268","36127","2025-11-29","25.00","AUD","1762807378","101429/2025-11-29/1762807378.json"
"485268","36127","2025-11-30","25.00","AUD","1762807378","101429/2025-11-30/1762807378.json"
"485268","36127","2025-11-14","25.00","AUD","1762824742","101429/2025-11-14/1762824742.json"
"485268","36127","2025-11-13","25.00","AUD","1762824742","101429/2025-11-13/1762824742.json"
"485268","36127","2025-11-16","25.00","AUD","1762824742","101429/2025-11-16/1762824742.json"
"485268","36127","2025-11-12","25.00","AUD","1762824742","101429/2025-11-12/1762824742.json"
"485268","36127","2025-11-17","25.00","AUD","1762824742","101429/2025-11-17/1762824742.json"
"485268","36127","2025-11-15","25.00","AUD","1762824742","101429/2025-11-15/1762824742.json"
"485268","36127","2025-11-19","25.00","AUD","1762824742","101429/2025-11-19/1762824742.json"
"485268","36127","2025-11-20","25.00","AUD","1762824742","101429/2025-11-20/1762824742.json"
"485268","36127","2025-11-18","25.00","AUD","1762824742","101429/2025-11-18/1762824742.json"
"485268","36127","2025-11-21","25.00","AUD","1762824742","101429/2025-11-21/1762824742.json"
"485268","36127","2025-11-24","25.00","AUD","1762824742","101429/2025-11-24/1762824742.json"
"485268","36127","2025-11-22","25.00","AUD","1762824742","101429/2025-11-22/1762824742.json"
"485268","36127","2025-11-23","25.00","AUD","1762824742","101429/2025-11-23/1762824742.json"
"485268","36127","2025-11-29","25.00","AUD","1762824742","101429/2025-11-29/1762824742.json"
"485268","36127","2025-11-30","25.00","AUD","1762824742","101429/2025-11-30/1762824742.json"
"485268","36127","2025-11-12","25.00","AUD","1762836195","101429/2025-11-12/1762836195.json"
"485268","36127","2025-11-14","25.00","AUD","1762836195","101429/2025-11-14/1762836195.json"
"485268","36127","2025-11-13","25.00","AUD","1762836195","101429/2025-11-13/1762836195.json"
"485268","36127","2025-11-16","25.00","AUD","1762836195","101429/2025-11-16/1762836195.json"
"485268","36127","2025-11-17","25.00","AUD","1762836195","101429/2025-11-17/1762836195.json"
"485268","36127","2025-11-15","25.00","AUD","1762836195","101429/2025-11-15/1762836195.json"
"485268","36127","2025-11-18","25.00","AUD","1762836195","101429/2025-11-18/1762836195.json"
"485268","36127","2025-11-19","25.00","AUD","1762836195","101429/2025-11-19/1762836195.json"
"485268","36127","2025-11-20","25.00","AUD","1762836195","101429/2025-11-20/1762836195.json"
"485268","36127","2025-11-21","25.00","AUD","1762836195","101429/2025-11-21/1762836195.json"
"485268","36127","2025-11-22","25.00","AUD","1762836195","101429/2025-11-22/1762836195.json"
"485268","36127","2025-11-23","25.00","AUD","1762836195","101429/2025-11-23/1762836195.json"
"485268","36127","2025-11-24","25.00","AUD","1762836195","101429/2025-11-24/1762836195.json"
"485268","36127","2025-11-29","25.00","AUD","1762836195","101429/2025-11-29/1762836195.json"
"485268","36127","2025-11-30","25.00","AUD","1762836195","101429/2025-11-30/1762836195.json"
"485268","36127","2025-11-14","25.00","AUD","1762850912","101429/2025-11-14/1762850912.json"
"485268","36127","2025-11-17","25.00","AUD","1762850912","101429/2025-11-17/1762850912.json"
"485268","36127","2025-11-18","25.00","AUD","1762850912","101429/2025-11-18/1762850912.json"
"485268","36127","2025-11-16","25.00","AUD","1762850912","101429/2025-11-16/1762850912.json"
"485268","36127","2025-11-15","25.00","AUD","1762850912","101429/2025-11-15/1762850912.json"
"485268","36127","2025-11-19","25.00","AUD","1762850912","101429/2025-11-19/1762850912.json"
"485268","36127","2025-11-21","25.00","AUD","1762850912","101429/2025-11-21/1762850912.json"
"485268","36127","2025-11-22","25.00","AUD","1762850912","101429/2025-11-22/1762850912.json"
"485268","36127","2025-11-20","25.00","AUD","1762850912","101429/2025-11-20/1762850912.json"
"485268","36127","2025-11-23","25.00","AUD","1762850912","101429/2025-11-23/1762850912.json"
"485268","36127","2025-11-24","25.00","AUD","1762850912","101429/2025-11-24/1762850912.json"
"485268","36127","2025-11-29","25.00","AUD","1762850912","101429/2025-11-29/1762850912.json"
"485268","36127","2025-11-30","25.00","AUD","1762850912","101429/2025-11-30/1762850912.json"
"485268","36127","2025-11-14","25.00","AUD","1762865929","101429/2025-11-14/1762865929.json"
"485268","36127","2025-11-15","25.00","AUD","1762865929","101429/2025-11-15/1762865929.json"
"485268","36127","2025-11-16","25.00","AUD","1762865929","101429/2025-11-16/1762865929.json"
"485268","36127","2025-11-18","25.00","AUD","1762865929","101429/2025-11-18/1762865929.json"
"485268","36127","2025-11-17","25.00","AUD","1762865929","101429/2025-11-17/1762865929.json"
"485268","36127","2025-11-19","25.00","AUD","1762865929","101429/2025-11-19/1762865929.json"
"485268","36127","2025-11-21","25.00","AUD","1762865929","101429/2025-11-21/1762865929.json"
"485268","36127","2025-11-20","25.00","AUD","1762865929","101429/2025-11-20/1762865929.json"
"485268","36127","2025-11-23","25.00","AUD","1762865929","101429/2025-11-23/1762865929.json"
"485268","36127","2025-11-22","25.00","AUD","1762865929","101429/2025-11-22/1762865929.json"
"485268","36127","2025-11-24","25.00","AUD","1762865929","101429/2025-11-24/1762865929.json"
"485268","36127","2025-11-30","25.00","AUD","1762865929","101429/2025-11-30/1762865929.json"
"485268","36127","2025-11-29","25.00","AUD","1762865929","101429/2025-11-29/1762865929.json"
"485268","36127","2025-11-14","25.00","AUD","1762879528","101429/2025-11-14/1762879528.json"
"485268","36127","2025-11-15","25.00","AUD","1762879528","101429/2025-11-15/1762879528.json"
"485268","36127","2025-11-16","25.00","AUD","1762879528","101429/2025-11-16/1762879528.json"
"485268","36127","2025-11-17","25.00","AUD","1762879528","101429/2025-11-17/1762879528.json"
"485268","36127","2025-11-19","25.00","AUD","1762879528","101429/2025-11-19/1762879528.json"
"485268","36127","2025-11-18","25.00","AUD","1762879528","101429/2025-11-18/1762879528.json"
"485268","36127","2025-11-20","25.00","AUD","1762879528","101429/2025-11-20/1762879528.json"
"485268","36127","2025-11-21","25.00","AUD","1762879528","101429/2025-11-21/1762879528.json"
"485268","36127","2025-11-22","25.00","AUD","1762879528","101429/2025-11-22/1762879528.json"
"485268","36127","2025-11-24","25.00","AUD","1762879528","101429/2025-11-24/1762879528.json"
"485268","36127","2025-11-23","25.00","AUD","1762879528","101429/2025-11-23/1762879528.json"
"485268","36127","2025-11-30","25.00","AUD","1762879528","101429/2025-11-30/1762879528.json"
"485268","36127","2025-11-29","25.00","AUD","1762879528","101429/2025-11-29/1762879528.json"
"485268","36127","2025-11-14","25.00","AUD","1762893729","101429/2025-11-14/1762893729.json"
"485268","36127","2025-11-16","25.00","AUD","1762893729","101429/2025-11-16/1762893729.json"
"485268","36127","2025-11-18","25.00","AUD","1762893729","101429/2025-11-18/1762893729.json"
"485268","36127","2025-11-17","25.00","AUD","1762893729","101429/2025-11-17/1762893729.json"
"485268","36127","2025-11-15","25.00","AUD","1762893729","101429/2025-11-15/1762893729.json"
"485268","36127","2025-11-19","25.00","AUD","1762893729","101429/2025-11-19/1762893729.json"
"485268","36127","2025-11-21","25.00","AUD","1762893729","101429/2025-11-21/1762893729.json"
"485268","36127","2025-11-22","25.00","AUD","1762893729","101429/2025-11-22/1762893729.json"
"485268","36127","2025-11-20","25.00","AUD","1762893729","101429/2025-11-20/1762893729.json"
"485268","36127","2025-11-23","25.00","AUD","1762893729","101429/2025-11-23/1762893729.json"
"485268","36127","2025-11-24","25.00","AUD","1762893729","101429/2025-11-24/1762893729.json"
"485268","36127","2025-11-29","25.00","AUD","1762893729","101429/2025-11-29/1762893729.json"
"485268","36127","2025-11-30","25.00","AUD","1762893729","101429/2025-11-30/1762893729.json"
"485268","36127","2025-11-15","25.00","AUD","1762911225","101429/2025-11-15/1762911225.json"
"485268","36127","2025-11-14","25.00","AUD","1762911225","101429/2025-11-14/1762911225.json"
"485268","36127","2025-11-18","25.00","AUD","1762911225","101429/2025-11-18/1762911225.json"
"485268","36127","2025-11-19","25.00","AUD","1762911225","101429/2025-11-19/1762911225.json"
"485268","36127","2025-11-17","25.00","AUD","1762911225","101429/2025-11-17/1762911225.json"
"485268","36127","2025-11-16","25.00","AUD","1762911225","101429/2025-11-16/1762911225.json"
"485268","36127","2025-11-20","25.00","AUD","1762911225","101429/2025-11-20/1762911225.json"
"485268","36127","2025-11-23","25.00","AUD","1762911225","101429/2025-11-23/1762911225.json"
"485268","36127","2025-11-22","25.00","AUD","1762911225","101429/2025-11-22/1762911225.json"
"485268","36127","2025-11-21","25.00","AUD","1762911225","101429/2025-11-21/1762911225.json"
"485268","36127","2025-11-24","25.00","AUD","1762911225","101429/2025-11-24/1762911225.json"
"485268","36127","2025-11-30","25.00","AUD","1762911225","101429/2025-11-30/1762911225.json"
"485268","36127","2025-11-29","25.00","AUD","1762911225","101429/2025-11-29/1762911225.json"
"485268","36127","2025-11-15","25.00","AUD","1762922627","101429/2025-11-15/1762922627.json"
"485268","36127","2025-11-14","25.00","AUD","1762922627","101429/2025-11-14/1762922627.json"
"485268","36127","2025-11-17","25.00","AUD","1762922627","101429/2025-11-17/1762922627.json"
"485268","36127","2025-11-16","25.00","AUD","1762922627","101429/2025-11-16/1762922627.json"
"485268","36127","2025-11-19","25.00","AUD","1762922627","101429/2025-11-19/1762922627.json"
"485268","36127","2025-11-18","25.00","AUD","1762922627","101429/2025-11-18/1762922627.json"
"485268","36127","2025-11-22","25.00","AUD","1762922627","101429/2025-11-22/1762922627.json"
"485268","36127","2025-11-20","25.00","AUD","1762922627","101429/2025-11-20/1762922627.json"
"485268","36127","2025-11-21","25.00","AUD","1762922627","101429/2025-11-21/1762922627.json"
"485268","36127","2025-11-23","25.00","AUD","1762922627","101429/2025-11-23/1762922627.json"
"485268","36127","2025-11-24","25.00","AUD","1762922627","101429/2025-11-24/1762922627.json"
"485268","36127","2025-11-29","25.00","AUD","1762922627","101429/2025-11-29/1762922627.json"
"485268","36127","2025-11-30","25.00","AUD","1762922627","101429/2025-11-30/1762922627.json"
"485268","36127","2025-11-15","25.00","AUD","1762937208","101429/2025-11-15/1762937208.json"
"485268","36127","2025-11-14","25.00","AUD","1762937208","101429/2025-11-14/1762937208.json"
"485268","36127","2025-11-16","25.00","AUD","1762937208","101429/2025-11-16/1762937208.json"
"485268","36127","2025-11-19","25.00","AUD","1762937208","101429/2025-11-19/1762937208.json"
"485268","36127","2025-11-17","25.00","AUD","1762937208","101429/2025-11-17/1762937208.json"
"485268","36127","2025-11-18","25.00","AUD","1762937208","101429/2025-11-18/1762937208.json"
"485268","36127","2025-11-20","25.00","AUD","1762937208","101429/2025-11-20/1762937208.json"
"485268","36127","2025-11-21","25.00","AUD","1762937208","101429/2025-11-21/1762937208.json"
"485268","36127","2025-11-23","25.00","AUD","1762937208","101429/2025-11-23/1762937208.json"
"485268","36127","2025-11-22","25.00","AUD","1762937208","101429/2025-11-22/1762937208.json"
"485268","36127","2025-11-24","25.00","AUD","1762937208","101429/2025-11-24/1762937208.json"
"485268","36127","2025-11-30","25.00","AUD","1762937208","101429/2025-11-30/1762937208.json"
"485268","36127","2025-11-29","25.00","AUD","1762937208","101429/2025-11-29/1762937208.json"
"485268","36127","2025-11-14","25.00","AUD","1762952358","101429/2025-11-14/1762952358.json"
"485268","36127","2025-11-15","25.00","AUD","1762952358","101429/2025-11-15/1762952358.json"
"485268","36127","2025-11-16","25.00","AUD","1762952358","101429/2025-11-16/1762952358.json"
"485268","36127","2025-11-17","25.00","AUD","1762952358","101429/2025-11-17/1762952358.json"
"485268","36127","2025-11-19","25.00","AUD","1762952358","101429/2025-11-19/1762952358.json"
"485268","36127","2025-11-18","25.00","AUD","1762952358","101429/2025-11-18/1762952358.json"
"485268","36127","2025-11-20","25.00","AUD","1762952358","101429/2025-11-20/1762952358.json"
"485268","36127","2025-11-21","25.00","AUD","1762952358","101429/2025-11-21/1762952358.json"
"485268","36127","2025-11-22","25.00","AUD","1762952358","101429/2025-11-22/1762952358.json"
"485268","36127","2025-11-23","25.00","AUD","1762952358","101429/2025-11-23/1762952358.json"
"485268","36127","2025-11-24","25.00","AUD","1762952358","101429/2025-11-24/1762952358.json"
"485268","36127","2025-11-29","25.00","AUD","1762952358","101429/2025-11-29/1762952358.json"
"485268","36127","2025-11-30","25.00","AUD","1762952358","101429/2025-11-30/1762952358.json"
"485268","36127","2025-11-14","25.00","AUD","1762966020","101429/2025-11-14/1762966020.json"
"485268","36127","2025-11-15","25.00","AUD","1762966020","101429/2025-11-15/1762966020.json"
"485268","36127","2025-11-16","25.00","AUD","1762966020","101429/2025-11-16/1762966020.json"
"485268","36127","2025-11-17","25.00","AUD","1762966020","101429/2025-11-17/1762966020.json"
"485268","36127","2025-11-18","25.00","AUD","1762966020","101429/2025-11-18/1762966020.json"
"485268","36127","2025-11-19","25.00","AUD","1762966020","101429/2025-11-19/1762966020.json"
"485268","36127","2025-11-20","25.00","AUD","1762966020","101429/2025-11-20/1762966020.json"
"485268","36127","2025-11-22","25.00","AUD","1762966020","101429/2025-11-22/1762966020.json"
"485268","36127","2025-11-23","25.00","AUD","1762966020","101429/2025-11-23/1762966020.json"
"485268","36127","2025-11-21","25.00","AUD","1762966020","101429/2025-11-21/1762966020.json"
"485268","36127","2025-11-24","25.00","AUD","1762966020","101429/2025-11-24/1762966020.json"
"485268","36127","2025-11-30","25.00","AUD","1762966020","101429/2025-11-30/1762966020.json"
"485268","36127","2025-11-29","25.00","AUD","1762966020","101429/2025-11-29/1762966020.json"
"485268","36127","2025-11-14","25.00","AUD","1762980133","101429/2025-11-14/1762980133.json"
"485268","36127","2025-11-15","25.00","AUD","1762980133","101429/2025-11-15/1762980133.json"
"485268","36127","2025-11-16","25.00","AUD","1762980133","101429/2025-11-16/1762980133.json"
"485268","36127","2025-11-17","25.00","AUD","1762980133","101429/2025-11-17/1762980133.json"
"485268","36127","2025-11-18","25.00","AUD","1762980133","101429/2025-11-18/1762980133.json"
"485268","36127","2025-11-19","25.00","AUD","1762980133","101429/2025-11-19/1762980133.json"
"485268","36127","2025-11-20","25.00","AUD","1762980133","101429/2025-11-20/1762980133.json"
"485268","36127","2025-11-23","25.00","AUD","1762980133","101429/2025-11-23/1762980133.json"
"485268","36127","2025-11-22","25.00","AUD","1762980133","101429/2025-11-22/1762980133.json"
"485268","36127","2025-11-21","25.00","AUD","1762980133","101429/2025-11-21/1762980133.json"
"485268","36127","2025-11-24","25.00","AUD","1762980133","101429/2025-11-24/1762980133.json"
"485268","36127","2025-11-30","25.00","AUD","1762980133","101429/2025-11-30/1762980133.json"
"485268","36127","2025-11-29","25.00","AUD","1762980133","101429/2025-11-29/1762980133.json"
"485268","36127","2025-11-15","25.00","AUD","1762997541","101429/2025-11-15/1762997541.json"
"485268","36127","2025-11-16","25.00","AUD","1762997541","101429/2025-11-16/1762997541.json"
"485268","36127","2025-11-14","25.00","AUD","1762997541","101429/2025-11-14/1762997541.json"
"485268","36127","2025-11-17","25.00","AUD","1762997541","101429/2025-11-17/1762997541.json"
"485268","36127","2025-11-18","25.00","AUD","1762997541","101429/2025-11-18/1762997541.json"
"485268","36127","2025-11-20","25.00","AUD","1762997541","101429/2025-11-20/1762997541.json"
"485268","36127","2025-11-19","25.00","AUD","1762997541","101429/2025-11-19/1762997541.json"
"485268","36127","2025-11-21","25.00","AUD","1762997541","101429/2025-11-21/1762997541.json"
"485268","36127","2025-11-23","25.00","AUD","1762997541","101429/2025-11-23/1762997541.json"
"485268","36127","2025-11-24","25.00","AUD","1762997541","101429/2025-11-24/1762997541.json"
"485268","36127","2025-11-22","25.00","AUD","1762997541","101429/2025-11-22/1762997541.json"
"485268","36127","2025-11-29","25.00","AUD","1762997541","101429/2025-11-29/1762997541.json"
"485268","36127","2025-11-30","25.00","AUD","1762997541","101429/2025-11-30/1762997541.json"
"485268","36127","2025-11-15","25.00","AUD","1763008980","101429/2025-11-15/1763008980.json"
"485268","36127","2025-11-14","25.00","AUD","1763008980","101429/2025-11-14/1763008980.json"
"485268","36127","2025-11-18","25.00","AUD","1763008980","101429/2025-11-18/1763008980.json"
"485268","36127","2025-11-19","25.00","AUD","1763008980","101429/2025-11-19/1763008980.json"
"485268","36127","2025-11-16","25.00","AUD","1763008980","101429/2025-11-16/1763008980.json"
"485268","36127","2025-11-17","25.00","AUD","1763008980","101429/2025-11-17/1763008980.json"
"485268","36127","2025-11-23","25.00","AUD","1763008980","101429/2025-11-23/1763008980.json"
"485268","36127","2025-11-21","25.00","AUD","1763008980","101429/2025-11-21/1763008980.json"
"485268","36127","2025-11-20","25.00","AUD","1763008980","101429/2025-11-20/1763008980.json"
"485268","36127","2025-11-22","25.00","AUD","1763008980","101429/2025-11-22/1763008980.json"
"485268","36127","2025-11-24","25.00","AUD","1763008980","101429/2025-11-24/1763008980.json"
"485268","36127","2025-11-29","25.00","AUD","1763008980","101429/2025-11-29/1763008980.json"
"485268","36127","2025-11-30","25.00","AUD","1763008980","101429/2025-11-30/1763008980.json"
"485268","36127","2025-11-16","25.00","AUD","1763023434","101429/2025-11-16/1763023434.json"
"485268","36127","2025-11-14","25.00","AUD","1763023434","101429/2025-11-14/1763023434.json"
"485268","36127","2025-11-15","25.00","AUD","1763023434","101429/2025-11-15/1763023434.json"
"485268","36127","2025-11-17","25.00","AUD","1763023434","101429/2025-11-17/1763023434.json"
"485268","36127","2025-11-18","25.00","AUD","1763023434","101429/2025-11-18/1763023434.json"
"485268","36127","2025-11-20","25.00","AUD","1763023434","101429/2025-11-20/1763023434.json"
"485268","36127","2025-11-19","25.00","AUD","1763023434","101429/2025-11-19/1763023434.json"
"485268","36127","2025-11-23","25.00","AUD","1763023434","101429/2025-11-23/1763023434.json"
"485268","36127","2025-11-24","25.00","AUD","1763023434","101429/2025-11-24/1763023434.json"
"485268","36127","2025-11-22","25.00","AUD","1763023434","101429/2025-11-22/1763023434.json"
"485268","36127","2025-11-21","25.00","AUD","1763023434","101429/2025-11-21/1763023434.json"
"485268","36127","2025-11-29","25.00","AUD","1763023434","101429/2025-11-29/1763023434.json"
"485268","36127","2025-11-30","25.00","AUD","1763023434","101429/2025-11-30/1763023434.json"
"485268","36127","2025-11-14","25.00","AUD","1763038340","101429/2025-11-14/1763038340.json"
"485268","36127","2025-11-15","25.00","AUD","1763038340","101429/2025-11-15/1763038340.json"
"485268","36127","2025-11-16","25.00","AUD","1763038340","101429/2025-11-16/1763038340.json"
"485268","36127","2025-11-18","25.00","AUD","1763038340","101429/2025-11-18/1763038340.json"
"485268","36127","2025-11-20","25.00","AUD","1763038340","101429/2025-11-20/1763038340.json"
"485268","36127","2025-11-19","25.00","AUD","1763038340","101429/2025-11-19/1763038340.json"
"485268","36127","2025-11-17","25.00","AUD","1763038340","101429/2025-11-17/1763038340.json"
"485268","36127","2025-11-21","25.00","AUD","1763038340","101429/2025-11-21/1763038340.json"
"485268","36127","2025-11-22","25.00","AUD","1763038340","101429/2025-11-22/1763038340.json"
"485268","36127","2025-11-23","25.00","AUD","1763038340","101429/2025-11-23/1763038340.json"
"485268","36127","2025-11-24","25.00","AUD","1763038340","101429/2025-11-24/1763038340.json"
"485268","36127","2025-11-29","25.00","AUD","1763038340","101429/2025-11-29/1763038340.json"
"485268","36127","2025-11-30","25.00","AUD","1763038340","101429/2025-11-30/1763038340.json"
"485268","36127","2025-11-14","25.00","AUD","1763052248","101429/2025-11-14/1763052248.json"
"485268","36127","2025-11-16","25.00","AUD","1763052248","101429/2025-11-16/1763052248.json"
"485268","36127","2025-11-15","25.00","AUD","1763052248","101429/2025-11-15/1763052248.json"
"485268","36127","2025-11-17","25.00","AUD","1763052248","101429/2025-11-17/1763052248.json"
"485268","36127","2025-11-20","25.00","AUD","1763052248","101429/2025-11-20/1763052248.json"
"485268","36127","2025-11-19","25.00","AUD","1763052248","101429/2025-11-19/1763052248.json"
"485268","36127","2025-11-18","25.00","AUD","1763052248","101429/2025-11-18/1763052248.json"
"485268","36127","2025-11-21","25.00","AUD","1763052248","101429/2025-11-21/1763052248.json"
"485268","36127","2025-11-23","25.00","AUD","1763052248","101429/2025-11-23/1763052248.json"
"485268","36127","2025-11-22","25.00","AUD","1763052248","101429/2025-11-22/1763052248.json"
"485268","36127","2025-11-24","25.00","AUD","1763052248","101429/2025-11-24/1763052248.json"
"485268","36127","2025-11-29","25.00","AUD","1763052248","101429/2025-11-29/1763052248.json"
"485268","36127","2025-11-30","25.00","AUD","1763052248","101429/2025-11-30/1763052248.json"
"485268","36127","2025-11-15","25.00","AUD","1763066533","101429/2025-11-15/1763066533.json"
"485268","36127","2025-11-14","25.00","AUD","1763066533","101429/2025-11-14/1763066533.json"
"485268","36127","2025-11-16","25.00","AUD","1763066533","101429/2025-11-16/1763066533.json"
"485268","36127","2025-11-17","25.00","AUD","1763066533","101429/2025-11-17/1763066533.json"
"485268","36127","2025-11-18","25.00","AUD","1763066533","101429/2025-11-18/1763066533.json"
"485268","36127","2025-11-19","25.00","AUD","1763066533","101429/2025-11-19/1763066533.json"
"485268","36127","2025-11-20","25.00","AUD","1763066533","101429/2025-11-20/1763066533.json"
"485268","36127","2025-11-21","25.00","AUD","1763066533","101429/2025-11-21/1763066533.json"
"485268","36127","2025-11-24","25.00","AUD","1763066533","101429/2025-11-24/1763066533.json"
"485268","36127","2025-11-23","25.00","AUD","1763066533","101429/2025-11-23/1763066533.json"
"485268","36127","2025-11-22","25.00","AUD","1763066533","101429/2025-11-22/1763066533.json"
"485268","36127","2025-11-29","25.00","AUD","1763066533","101429/2025-11-29/1763066533.json"
"485268","36127","2025-11-30","25.00","AUD","1763066533","101429/2025-11-30/1763066533.json"
"485268","36127","2025-11-14","25.00","AUD","1763083844","101429/2025-11-14/1763083844.json"
"485268","36127","2025-11-17","25.00","AUD","1763083844","101429/2025-11-17/1763083844.json"
"485268","36127","2025-11-15","25.00","AUD","1763083844","101429/2025-11-15/1763083844.json"
"485268","36127","2025-11-16","25.00","AUD","1763083844","101429/2025-11-16/1763083844.json"
"485268","36127","2025-11-21","25.00","AUD","1763083844","101429/2025-11-21/1763083844.json"
"485268","36127","2025-11-20","25.00","AUD","1763083844","101429/2025-11-20/1763083844.json"
"485268","36127","2025-11-18","25.00","AUD","1763083844","101429/2025-11-18/1763083844.json"
"485268","36127","2025-11-19","25.00","AUD","1763083844","101429/2025-11-19/1763083844.json"
"485268","36127","2025-11-22","25.00","AUD","1763083844","101429/2025-11-22/1763083844.json"
"485268","36127","2025-11-23","25.00","AUD","1763083844","101429/2025-11-23/1763083844.json"
"485268","36127","2025-11-24","25.00","AUD","1763083844","101429/2025-11-24/1763083844.json"
"485268","36127","2025-11-29","25.00","AUD","1763083844","101429/2025-11-29/1763083844.json"
"485268","36127","2025-11-30","25.00","AUD","1763083844","101429/2025-11-30/1763083844.json"
"485268","36127","2025-11-16","25.00","AUD","1763095345","101429/2025-11-16/1763095345.json"
"485268","36127","2025-11-15","25.00","AUD","1763095345","101429/2025-11-15/1763095345.json"
"485268","36127","2025-11-14","25.00","AUD","1763095345","101429/2025-11-14/1763095345.json"
"485268","36127","2025-11-19","25.00","AUD","1763095345","101429/2025-11-19/1763095345.json"
"485268","36127","2025-11-20","25.00","AUD","1763095345","101429/2025-11-20/1763095345.json"
"485268","36127","2025-11-21","25.00","AUD","1763095345","101429/2025-11-21/1763095345.json"
"485268","36127","2025-11-22","25.00","AUD","1763095345","101429/2025-11-22/1763095345.json"
"485268","36127","2025-11-24","25.00","AUD","1763095345","101429/2025-11-24/1763095345.json"
"485268","36127","2025-11-25","25.00","AUD","1763095345","101429/2025-11-25/1763095345.json"
"485268","36127","2025-11-23","25.00","AUD","1763095345","101429/2025-11-23/1763095345.json"
"485268","36127","2025-11-28","25.00","AUD","1763095345","101429/2025-11-28/1763095345.json"
"485268","36127","2025-11-29","25.00","AUD","1763095345","101429/2025-11-29/1763095345.json"
"485268","36127","2025-11-27","25.00","AUD","1763095345","101429/2025-11-27/1763095345.json"
"485268","36127","2025-11-26","25.00","AUD","1763095345","101429/2025-11-26/1763095345.json"
"485268","36127","2025-11-30","25.00","AUD","1763095345","101429/2025-11-30/1763095345.json"
"485268","36127","2025-12-01","25.00","AUD","1763095345","101429/2025-12-01/1763095345.json"
"485268","36127","2025-12-03","25.00","AUD","1763095345","101429/2025-12-03/1763095345.json"
"485268","36127","2025-12-02","25.00","AUD","1763095345","101429/2025-12-02/1763095345.json"
"485268","36127","2025-12-04","25.00","AUD","1763095345","101429/2025-12-04/1763095345.json"
"485268","36127","2025-12-05","25.00","AUD","1763095345","101429/2025-12-05/1763095345.json"
"485268","36127","2025-12-07","25.00","AUD","1763095345","101429/2025-12-07/1763095345.json"
"485268","36127","2025-12-06","25.00","AUD","1763095345","101429/2025-12-06/1763095345.json"
"485268","36127","2025-12-09","25.00","AUD","1763095345","101429/2025-12-09/1763095345.json"
"485268","36127","2025-12-08","25.00","AUD","1763095345","101429/2025-12-08/1763095345.json"
"485268","36127","2025-12-10","25.00","AUD","1763095345","101429/2025-12-10/1763095345.json"
"485268","36127","2025-12-11","25.00","AUD","1763095345","101429/2025-12-11/1763095345.json"
"485268","36127","2025-11-16","25.00","AUD","1763109925","101429/2025-11-16/1763109925.json"
"485268","36127","2025-11-15","25.00","AUD","1763109925","101429/2025-11-15/1763109925.json"
"485268","36127","2025-11-20","25.00","AUD","1763109925","101429/2025-11-20/1763109925.json"
"485268","36127","2025-11-21","25.00","AUD","1763109925","101429/2025-11-21/1763109925.json"
"485268","36127","2025-11-19","25.00","AUD","1763109925","101429/2025-11-19/1763109925.json"
"485268","36127","2025-11-22","25.00","AUD","1763109925","101429/2025-11-22/1763109925.json"
"485268","36127","2025-11-25","25.00","AUD","1763109925","101429/2025-11-25/1763109925.json"
"485268","36127","2025-11-24","25.00","AUD","1763109925","101429/2025-11-24/1763109925.json"
"485268","36127","2025-11-23","25.00","AUD","1763109925","101429/2025-11-23/1763109925.json"
"485268","36127","2025-11-26","25.00","AUD","1763109925","101429/2025-11-26/1763109925.json"
"485268","36127","2025-11-27","25.00","AUD","1763109925","101429/2025-11-27/1763109925.json"
"485268","36127","2025-11-28","25.00","AUD","1763109925","101429/2025-11-28/1763109925.json"
"485268","36127","2025-11-29","25.00","AUD","1763109925","101429/2025-11-29/1763109925.json"
"485268","36127","2025-11-30","25.00","AUD","1763109925","101429/2025-11-30/1763109925.json"
"485268","36127","2025-12-02","25.00","AUD","1763109925","101429/2025-12-02/1763109925.json"
"485268","36127","2025-12-01","25.00","AUD","1763109925","101429/2025-12-01/1763109925.json"
"485268","36127","2025-12-03","25.00","AUD","1763109925","101429/2025-12-03/1763109925.json"
"485268","36127","2025-12-06","25.00","AUD","1763109925","101429/2025-12-06/1763109925.json"
"485268","36127","2025-12-04","25.00","AUD","1763109925","101429/2025-12-04/1763109925.json"
"485268","36127","2025-12-05","25.00","AUD","1763109925","101429/2025-12-05/1763109925.json"
"485268","36127","2025-12-07","25.00","AUD","1763109925","101429/2025-12-07/1763109925.json"
"485268","36127","2025-12-08","25.00","AUD","1763109925","101429/2025-12-08/1763109925.json"
"485268","36127","2025-12-09","25.00","AUD","1763109925","101429/2025-12-09/1763109925.json"
"485268","36127","2025-12-11","25.00","AUD","1763109925","101429/2025-12-11/1763109925.json"
"485268","36127","2025-12-10","25.00","AUD","1763109925","101429/2025-12-10/1763109925.json"
"485268","36127","2025-11-16","25.00","AUD","1763124714","101429/2025-11-16/1763124714.json"
"485268","36127","2025-11-15","25.00","AUD","1763124714","101429/2025-11-15/1763124714.json"
"485268","36127","2025-11-20","25.00","AUD","1763124714","101429/2025-11-20/1763124714.json"
"485268","36127","2025-11-19","25.00","AUD","1763124714","101429/2025-11-19/1763124714.json"
"485268","36127","2025-11-21","25.00","AUD","1763124714","101429/2025-11-21/1763124714.json"
"485268","36127","2025-11-22","25.00","AUD","1763124714","101429/2025-11-22/1763124714.json"
"485268","36127","2025-11-25","25.00","AUD","1763124714","101429/2025-11-25/1763124714.json"
"485268","36127","2025-11-23","25.00","AUD","1763124714","101429/2025-11-23/1763124714.json"
"485268","36127","2025-11-24","25.00","AUD","1763124714","101429/2025-11-24/1763124714.json"
"485268","36127","2025-11-26","25.00","AUD","1763124714","101429/2025-11-26/1763124714.json"
"485268","36127","2025-11-28","25.00","AUD","1763124714","101429/2025-11-28/1763124714.json"
"485268","36127","2025-11-27","25.00","AUD","1763124714","101429/2025-11-27/1763124714.json"
"485268","36127","2025-11-29","25.00","AUD","1763124714","101429/2025-11-29/1763124714.json"
"485268","36127","2025-11-30","25.00","AUD","1763124714","101429/2025-11-30/1763124714.json"
"485268","36127","2025-12-01","25.00","AUD","1763124714","101429/2025-12-01/1763124714.json"
"485268","36127","2025-12-03","25.00","AUD","1763124714","101429/2025-12-03/1763124714.json"
"485268","36127","2025-12-02","25.00","AUD","1763124714","101429/2025-12-02/1763124714.json"
"485268","36127","2025-12-04","25.00","AUD","1763124714","101429/2025-12-04/1763124714.json"
"485268","36127","2025-12-05","25.00","AUD","1763124714","101429/2025-12-05/1763124714.json"
"485268","36127","2025-12-06","25.00","AUD","1763124714","101429/2025-12-06/1763124714.json"
"485268","36127","2025-12-09","25.00","AUD","1763124714","101429/2025-12-09/1763124714.json"
"485268","36127","2025-12-07","25.00","AUD","1763124714","101429/2025-12-07/1763124714.json"
"485268","36127","2025-12-10","25.00","AUD","1763124714","101429/2025-12-10/1763124714.json"
"485268","36127","2025-12-08","25.00","AUD","1763124714","101429/2025-12-08/1763124714.json"
"485268","36127","2025-12-11","25.00","AUD","1763124714","101429/2025-12-11/1763124714.json"
"485268","36127","2025-11-16","25.00","AUD","1763138449","101429/2025-11-16/1763138449.json"
"485268","36127","2025-11-15","25.00","AUD","1763138449","101429/2025-11-15/1763138449.json"
"485268","36127","2025-11-20","25.00","AUD","1763138449","101429/2025-11-20/1763138449.json"
"485268","36127","2025-11-21","25.00","AUD","1763138449","101429/2025-11-21/1763138449.json"
"485268","36127","2025-11-19","25.00","AUD","1763138449","101429/2025-11-19/1763138449.json"
"485268","36127","2025-11-22","25.00","AUD","1763138449","101429/2025-11-22/1763138449.json"
"485268","36127","2025-11-23","25.00","AUD","1763138449","101429/2025-11-23/1763138449.json"
"485268","36127","2025-11-25","25.00","AUD","1763138449","101429/2025-11-25/1763138449.json"
"485268","36127","2025-11-26","25.00","AUD","1763138449","101429/2025-11-26/1763138449.json"
"485268","36127","2025-11-27","25.00","AUD","1763138449","101429/2025-11-27/1763138449.json"
"485268","36127","2025-11-24","25.00","AUD","1763138449","101429/2025-11-24/1763138449.json"
"485268","36127","2025-11-28","25.00","AUD","1763138449","101429/2025-11-28/1763138449.json"
"485268","36127","2025-11-29","25.00","AUD","1763138449","101429/2025-11-29/1763138449.json"
"485268","36127","2025-11-30","25.00","AUD","1763138449","101429/2025-11-30/1763138449.json"
"485268","36127","2025-12-02","25.00","AUD","1763138449","101429/2025-12-02/1763138449.json"
"485268","36127","2025-12-01","25.00","AUD","1763138449","101429/2025-12-01/1763138449.json"
"485268","36127","2025-12-03","25.00","AUD","1763138449","101429/2025-12-03/1763138449.json"
"485268","36127","2025-12-04","25.00","AUD","1763138449","101429/2025-12-04/1763138449.json"
"485268","36127","2025-12-05","25.00","AUD","1763138449","101429/2025-12-05/1763138449.json"
"485268","36127","2025-12-06","25.00","AUD","1763138449","101429/2025-12-06/1763138449.json"
"485268","36127","2025-12-07","25.00","AUD","1763138449","101429/2025-12-07/1763138449.json"
"485268","36127","2025-12-08","25.00","AUD","1763138449","101429/2025-12-08/1763138449.json"
"485268","36127","2025-12-10","25.00","AUD","1763138449","101429/2025-12-10/1763138449.json"
"485268","36127","2025-12-09","25.00","AUD","1763138449","101429/2025-12-09/1763138449.json"
"485268","36127","2025-12-11","25.00","AUD","1763138449","101429/2025-12-11/1763138449.json"
"485268","36127","2025-11-15","25.00","AUD","1763152885","101429/2025-11-15/1763152885.json"
"485268","36127","2025-11-16","25.00","AUD","1763152885","101429/2025-11-16/1763152885.json"
"485268","36127","2025-11-20","25.00","AUD","1763152885","101429/2025-11-20/1763152885.json"
"485268","36127","2025-11-19","25.00","AUD","1763152885","101429/2025-11-19/1763152885.json"
"485268","36127","2025-11-21","25.00","AUD","1763152885","101429/2025-11-21/1763152885.json"
"485268","36127","2025-11-22","25.00","AUD","1763152885","101429/2025-11-22/1763152885.json"
"485268","36127","2025-11-24","25.00","AUD","1763152885","101429/2025-11-24/1763152885.json"
"485268","36127","2025-11-23","25.00","AUD","1763152885","101429/2025-11-23/1763152885.json"
"485268","36127","2025-11-25","25.00","AUD","1763152885","101429/2025-11-25/1763152885.json"
"485268","36127","2025-11-26","25.00","AUD","1763152885","101429/2025-11-26/1763152885.json"
"485268","36127","2025-11-28","25.00","AUD","1763152885","101429/2025-11-28/1763152885.json"
"485268","36127","2025-11-27","25.00","AUD","1763152885","101429/2025-11-27/1763152885.json"
"485268","36127","2025-11-29","25.00","AUD","1763152885","101429/2025-11-29/1763152885.json"
"485268","36127","2025-11-30","25.00","AUD","1763152885","101429/2025-11-30/1763152885.json"
"485268","36127","2025-12-02","25.00","AUD","1763152885","101429/2025-12-02/1763152885.json"
"485268","36127","2025-12-03","25.00","AUD","1763152885","101429/2025-12-03/1763152885.json"
"485268","36127","2025-12-04","25.00","AUD","1763152885","101429/2025-12-04/1763152885.json"
"485268","36127","2025-12-01","25.00","AUD","1763152885","101429/2025-12-01/1763152885.json"
"485268","36127","2025-12-05","25.00","AUD","1763152885","101429/2025-12-05/1763152885.json"
"485268","36127","2025-12-06","25.00","AUD","1763152885","101429/2025-12-06/1763152885.json"
"485268","36127","2025-12-08","25.00","AUD","1763152885","101429/2025-12-08/1763152885.json"
"485268","36127","2025-12-07","25.00","AUD","1763152885","101429/2025-12-07/1763152885.json"
"485268","36127","2025-12-09","25.00","AUD","1763152885","101429/2025-12-09/1763152885.json"
"485268","36127","2025-12-10","25.00","AUD","1763152885","101429/2025-12-10/1763152885.json"
"485268","36127","2025-12-11","25.00","AUD","1763152885","101429/2025-12-11/1763152885.json"
"485268","36127","2025-11-15","25.00","AUD","1763170599","101429/2025-11-15/1763170599.json"
"485268","36127","2025-11-16","25.00","AUD","1763170599","101429/2025-11-16/1763170599.json"
"485268","36127","2025-11-19","25.00","AUD","1763170599","101429/2025-11-19/1763170599.json"
"485268","36127","2025-11-21","25.00","AUD","1763170599","101429/2025-11-21/1763170599.json"
"485268","36127","2025-11-20","25.00","AUD","1763170599","101429/2025-11-20/1763170599.json"
"485268","36127","2025-11-22","25.00","AUD","1763170599","101429/2025-11-22/1763170599.json"
"485268","36127","2025-11-23","25.00","AUD","1763170599","101429/2025-11-23/1763170599.json"
"485268","36127","2025-11-26","25.00","AUD","1763170599","101429/2025-11-26/1763170599.json"
"485268","36127","2025-11-25","25.00","AUD","1763170599","101429/2025-11-25/1763170599.json"
"485268","36127","2025-11-27","25.00","AUD","1763170599","101429/2025-11-27/1763170599.json"
"485268","36127","2025-11-24","25.00","AUD","1763170599","101429/2025-11-24/1763170599.json"
"485268","36127","2025-11-28","25.00","AUD","1763170599","101429/2025-11-28/1763170599.json"
"485268","36127","2025-11-29","25.00","AUD","1763170599","101429/2025-11-29/1763170599.json"
"485268","36127","2025-12-01","25.00","AUD","1763170599","101429/2025-12-01/1763170599.json"
"485268","36127","2025-12-02","25.00","AUD","1763170599","101429/2025-12-02/1763170599.json"
"485268","36127","2025-12-03","25.00","AUD","1763170599","101429/2025-12-03/1763170599.json"
"485268","36127","2025-12-04","25.00","AUD","1763170599","101429/2025-12-04/1763170599.json"
"485268","36127","2025-11-30","25.00","AUD","1763170599","101429/2025-11-30/1763170599.json"
"485268","36127","2025-12-05","25.00","AUD","1763170599","101429/2025-12-05/1763170599.json"
"485268","36127","2025-12-06","25.00","AUD","1763170599","101429/2025-12-06/1763170599.json"
"485268","36127","2025-12-08","25.00","AUD","1763170599","101429/2025-12-08/1763170599.json"
"485268","36127","2025-12-07","25.00","AUD","1763170599","101429/2025-12-07/1763170599.json"
"485268","36127","2025-12-09","25.00","AUD","1763170599","101429/2025-12-09/1763170599.json"
"485268","36127","2025-12-10","25.00","AUD","1763170599","101429/2025-12-10/1763170599.json"
"485268","36127","2025-12-11","25.00","AUD","1763170599","101429/2025-12-11/1763170599.json"
"485268","36127","2025-11-15","25.00","AUD","1763181955","101429/2025-11-15/1763181955.json"
"485268","36127","2025-11-16","25.00","AUD","1763181955","101429/2025-11-16/1763181955.json"
"485268","36127","2025-11-20","25.00","AUD","1763181955","101429/2025-11-20/1763181955.json"
"485268","36127","2025-11-22","25.00","AUD","1763181955","101429/2025-11-22/1763181955.json"
"485268","36127","2025-11-21","25.00","AUD","1763181955","101429/2025-11-21/1763181955.json"
"485268","36127","2025-11-19","25.00","AUD","1763181955","101429/2025-11-19/1763181955.json"
"485268","36127","2025-11-23","25.00","AUD","1763181955","101429/2025-11-23/1763181955.json"
"485268","36127","2025-11-24","25.00","AUD","1763181955","101429/2025-11-24/1763181955.json"
"485268","36127","2025-11-25","25.00","AUD","1763181955","101429/2025-11-25/1763181955.json"
"485268","36127","2025-11-26","25.00","AUD","1763181955","101429/2025-11-26/1763181955.json"
"485268","36127","2025-11-27","25.00","AUD","1763181955","101429/2025-11-27/1763181955.json"
"485268","36127","2025-11-28","25.00","AUD","1763181955","101429/2025-11-28/1763181955.json"
"485268","36127","2025-11-29","25.00","AUD","1763181955","101429/2025-11-29/1763181955.json"
"485268","36127","2025-12-01","25.00","AUD","1763181955","101429/2025-12-01/1763181955.json"
"485268","36127","2025-12-02","25.00","AUD","1763181955","101429/2025-12-02/1763181955.json"
"485268","36127","2025-12-03","25.00","AUD","1763181955","101429/2025-12-03/1763181955.json"
"485268","36127","2025-11-30","25.00","AUD","1763181955","101429/2025-11-30/1763181955.json"
"485268","36127","2025-12-05","25.00","AUD","1763181955","101429/2025-12-05/1763181955.json"
"485268","36127","2025-12-07","25.00","AUD","1763181955","101429/2025-12-07/1763181955.json"
"485268","36127","2025-12-08","25.00","AUD","1763181955","101429/2025-12-08/1763181955.json"
"485268","36127","2025-12-09","25.00","AUD","1763181955","101429/2025-12-09/1763181955.json"
"485268","36127","2025-12-10","25.00","AUD","1763181955","101429/2025-12-10/1763181955.json"
"485268","36127","2025-12-11","25.00","AUD","1763181955","101429/2025-12-11/1763181955.json"
"485268","36127","2025-12-04","25.00","AUD","1763181955","101429/2025-12-04/1763181955.json"
"485268","36127","2025-12-06","25.00","AUD","1763181955","101429/2025-12-06/1763181955.json"
"485268","36127","2025-11-16","25.00","AUD","1763196351","101429/2025-11-16/1763196351.json"
"485268","36127","2025-11-20","25.00","AUD","1763196351","101429/2025-11-20/1763196351.json"
"485268","36127","2025-11-21","25.00","AUD","1763196351","101429/2025-11-21/1763196351.json"
"485268","36127","2025-11-19","25.00","AUD","1763196351","101429/2025-11-19/1763196351.json"
"485268","36127","2025-11-22","25.00","AUD","1763196351","101429/2025-11-22/1763196351.json"
"485268","36127","2025-11-25","25.00","AUD","1763196351","101429/2025-11-25/1763196351.json"
"485268","36127","2025-11-23","25.00","AUD","1763196351","101429/2025-11-23/1763196351.json"
"485268","36127","2025-11-24","25.00","AUD","1763196351","101429/2025-11-24/1763196351.json"
"485268","36127","2025-11-26","25.00","AUD","1763196351","101429/2025-11-26/1763196351.json"
"485268","36127","2025-11-27","25.00","AUD","1763196351","101429/2025-11-27/1763196351.json"
"485268","36127","2025-11-28","25.00","AUD","1763196351","101429/2025-11-28/1763196351.json"
"485268","36127","2025-11-29","25.00","AUD","1763196351","101429/2025-11-29/1763196351.json"
"485268","36127","2025-11-30","25.00","AUD","1763196351","101429/2025-11-30/1763196351.json"
"485268","36127","2025-12-01","25.00","AUD","1763196351","101429/2025-12-01/1763196351.json"
"485268","36127","2025-12-02","25.00","AUD","1763196351","101429/2025-12-02/1763196351.json"
"485268","36127","2025-12-03","25.00","AUD","1763196351","101429/2025-12-03/1763196351.json"
"485268","36127","2025-12-05","25.00","AUD","1763196351","101429/2025-12-05/1763196351.json"
"485268","36127","2025-12-06","25.00","AUD","1763196351","101429/2025-12-06/1763196351.json"
"485268","36127","2025-12-04","25.00","AUD","1763196351","101429/2025-12-04/1763196351.json"
"485268","36127","2025-12-07","25.00","AUD","1763196351","101429/2025-12-07/1763196351.json"
"485268","36127","2025-12-08","25.00","AUD","1763196351","101429/2025-12-08/1763196351.json"
"485268","36127","2025-12-09","25.00","AUD","1763196351","101429/2025-12-09/1763196351.json"
"485268","36127","2025-12-10","25.00","AUD","1763196351","101429/2025-12-10/1763196351.json"
"485268","36127","2025-12-11","25.00","AUD","1763196351","101429/2025-12-11/1763196351.json"
"485268","36127","2025-11-19","25.00","AUD","1763211170","101429/2025-11-19/1763211170.json"
"485268","36127","2025-11-20","25.00","AUD","1763211170","101429/2025-11-20/1763211170.json"
"485268","36127","2025-11-21","25.00","AUD","1763211170","101429/2025-11-21/1763211170.json"
"485268","36127","2025-11-16","25.00","AUD","1763211170","101429/2025-11-16/1763211170.json"
"485268","36127","2025-11-24","25.00","AUD","1763211170","101429/2025-11-24/1763211170.json"
"485268","36127","2025-11-22","25.00","AUD","1763211170","101429/2025-11-22/1763211170.json"
"485268","36127","2025-11-23","25.00","AUD","1763211170","101429/2025-11-23/1763211170.json"
"485268","36127","2025-11-25","25.00","AUD","1763211170","101429/2025-11-25/1763211170.json"
"485268","36127","2025-11-27","25.00","AUD","1763211170","101429/2025-11-27/1763211170.json"
"485268","36127","2025-11-28","25.00","AUD","1763211170","101429/2025-11-28/1763211170.json"
"485268","36127","2025-11-29","25.00","AUD","1763211170","101429/2025-11-29/1763211170.json"
"485268","36127","2025-11-26","25.00","AUD","1763211170","101429/2025-11-26/1763211170.json"
"485268","36127","2025-11-30","25.00","AUD","1763211170","101429/2025-11-30/1763211170.json"
"485268","36127","2025-12-03","25.00","AUD","1763211170","101429/2025-12-03/1763211170.json"
"485268","36127","2025-12-01","25.00","AUD","1763211170","101429/2025-12-01/1763211170.json"
"485268","36127","2025-12-02","25.00","AUD","1763211170","101429/2025-12-02/1763211170.json"
"485268","36127","2025-12-04","25.00","AUD","1763211170","101429/2025-12-04/1763211170.json"
"485268","36127","2025-12-05","25.00","AUD","1763211170","101429/2025-12-05/1763211170.json"
"485268","36127","2025-12-06","25.00","AUD","1763211170","101429/2025-12-06/1763211170.json"
"485268","36127","2025-12-07","25.00","AUD","1763211170","101429/2025-12-07/1763211170.json"
"485268","36127","2025-12-08","25.00","AUD","1763211170","101429/2025-12-08/1763211170.json"
"485268","36127","2025-12-09","25.00","AUD","1763211170","101429/2025-12-09/1763211170.json"
"485268","36127","2025-12-11","25.00","AUD","1763211170","101429/2025-12-11/1763211170.json"
"485268","36127","2025-12-10","25.00","AUD","1763211170","101429/2025-12-10/1763211170.json"
"485268","36127","2025-11-16","25.00","AUD","1763224624","101429/2025-11-16/1763224624.json"
"485268","36127","2025-11-19","25.00","AUD","1763224624","101429/2025-11-19/1763224624.json"
"485268","36127","2025-11-21","25.00","AUD","1763224624","101429/2025-11-21/1763224624.json"
"485268","36127","2025-11-20","25.00","AUD","1763224624","101429/2025-11-20/1763224624.json"
"485268","36127","2025-11-22","25.00","AUD","1763224624","101429/2025-11-22/1763224624.json"
"485268","36127","2025-11-23","25.00","AUD","1763224624","101429/2025-11-23/1763224624.json"
"485268","36127","2025-11-24","25.00","AUD","1763224624","101429/2025-11-24/1763224624.json"
"485268","36127","2025-11-25","25.00","AUD","1763224624","101429/2025-11-25/1763224624.json"
"485268","36127","2025-11-26","25.00","AUD","1763224624","101429/2025-11-26/1763224624.json"
"485268","36127","2025-11-29","25.00","AUD","1763224624","101429/2025-11-29/1763224624.json"
"485268","36127","2025-11-28","25.00","AUD","1763224624","101429/2025-11-28/1763224624.json"
"485268","36127","2025-11-30","25.00","AUD","1763224624","101429/2025-11-30/1763224624.json"
"485268","36127","2025-11-27","25.00","AUD","1763224624","101429/2025-11-27/1763224624.json"
"485268","36127","2025-12-01","25.00","AUD","1763224624","101429/2025-12-01/1763224624.json"
"485268","36127","2025-12-02","25.00","AUD","1763224624","101429/2025-12-02/1763224624.json"
"485268","36127","2025-12-03","25.00","AUD","1763224624","101429/2025-12-03/1763224624.json"
"485268","36127","2025-12-04","25.00","AUD","1763224624","101429/2025-12-04/1763224624.json"
"485268","36127","2025-12-05","25.00","AUD","1763224624","101429/2025-12-05/1763224624.json"
"485268","36127","2025-12-06","25.00","AUD","1763224624","101429/2025-12-06/1763224624.json"
"485268","36127","2025-12-08","25.00","AUD","1763224624","101429/2025-12-08/1763224624.json"
"485268","36127","2025-12-07","25.00","AUD","1763224624","101429/2025-12-07/1763224624.json"
"485268","36127","2025-12-10","25.00","AUD","1763224624","101429/2025-12-10/1763224624.json"
"485268","36127","2025-12-09","25.00","AUD","1763224624","101429/2025-12-09/1763224624.json"
"485268","36127","2025-12-11","25.00","AUD","1763224624","101429/2025-12-11/1763224624.json"
"485268","36127","2025-11-16","25.00","AUD","1763239007","101429/2025-11-16/1763239007.json"
"485268","36127","2025-11-20","25.00","AUD","1763239007","101429/2025-11-20/1763239007.json"
"485268","36127","2025-11-19","25.00","AUD","1763239007","101429/2025-11-19/1763239007.json"
"485268","36127","2025-11-21","25.00","AUD","1763239007","101429/2025-11-21/1763239007.json"
"485268","36127","2025-11-22","25.00","AUD","1763239007","101429/2025-11-22/1763239007.json"
"485268","36127","2025-11-24","25.00","AUD","1763239007","101429/2025-11-24/1763239007.json"
"485268","36127","2025-11-25","25.00","AUD","1763239007","101429/2025-11-25/1763239007.json"
"485268","36127","2025-11-23","25.00","AUD","1763239007","101429/2025-11-23/1763239007.json"
"485268","36127","2025-11-26","25.00","AUD","1763239007","101429/2025-11-26/1763239007.json"
"485268","36127","2025-11-28","25.00","AUD","1763239007","101429/2025-11-28/1763239007.json"
"485268","36127","2025-11-27","25.00","AUD","1763239007","101429/2025-11-27/1763239007.json"
"485268","36127","2025-11-29","25.00","AUD","1763239007","101429/2025-11-29/1763239007.json"
"485268","36127","2025-11-30","25.00","AUD","1763239007","101429/2025-11-30/1763239007.json"
"485268","36127","2025-12-01","25.00","AUD","1763239007","101429/2025-12-01/1763239007.json"
"485268","36127","2025-12-02","25.00","AUD","1763239007","101429/2025-12-02/1763239007.json"
"485268","36127","2025-12-03","25.00","AUD","1763239007","101429/2025-12-03/1763239007.json"
"485268","36127","2025-12-04","25.00","AUD","1763239007","101429/2025-12-04/1763239007.json"
"485268","36127","2025-12-05","25.00","AUD","1763239007","101429/2025-12-05/1763239007.json"
"485268","36127","2025-12-07","25.00","AUD","1763239007","101429/2025-12-07/1763239007.json"
"485268","36127","2025-12-06","25.00","AUD","1763239007","101429/2025-12-06/1763239007.json"
"485268","36127","2025-12-08","25.00","AUD","1763239007","101429/2025-12-08/1763239007.json"
"485268","36127","2025-12-09","25.00","AUD","1763239007","101429/2025-12-09/1763239007.json"
"485268","36127","2025-12-10","25.00","AUD","1763239007","101429/2025-12-10/1763239007.json"
"485268","36127","2025-12-11","25.00","AUD","1763239007","101429/2025-12-11/1763239007.json"
"485268","36127","2025-11-19","25.00","AUD","1763256960","101429/2025-11-19/1763256960.json"
"485268","36127","2025-11-16","25.00","AUD","1763256960","101429/2025-11-16/1763256960.json"
"485268","36127","2025-11-22","25.00","AUD","1763256960","101429/2025-11-22/1763256960.json"
"485268","36127","2025-11-20","25.00","AUD","1763256960","101429/2025-11-20/1763256960.json"
"485268","36127","2025-11-21","25.00","AUD","1763256960","101429/2025-11-21/1763256960.json"
"485268","36127","2025-11-23","25.00","AUD","1763256960","101429/2025-11-23/1763256960.json"
"485268","36127","2025-11-27","25.00","AUD","1763256960","101429/2025-11-27/1763256960.json"
"485268","36127","2025-11-24","25.00","AUD","1763256960","101429/2025-11-24/1763256960.json"
"485268","36127","2025-11-25","25.00","AUD","1763256960","101429/2025-11-25/1763256960.json"
"485268","36127","2025-11-26","25.00","AUD","1763256960","101429/2025-11-26/1763256960.json"
"485268","36127","2025-11-28","25.00","AUD","1763256960","101429/2025-11-28/1763256960.json"
"485268","36127","2025-12-01","25.00","AUD","1763256960","101429/2025-12-01/1763256960.json"
"485268","36127","2025-11-30","25.00","AUD","1763256960","101429/2025-11-30/1763256960.json"
"485268","36127","2025-12-02","25.00","AUD","1763256960","101429/2025-12-02/1763256960.json"
"485268","36127","2025-11-29","25.00","AUD","1763256960","101429/2025-11-29/1763256960.json"
"485268","36127","2025-12-04","25.00","AUD","1763256960","101429/2025-12-04/1763256960.json"
"485268","36127","2025-12-03","25.00","AUD","1763256960","101429/2025-12-03/1763256960.json"
"485268","36127","2025-12-05","25.00","AUD","1763256960","101429/2025-12-05/1763256960.json"
"485268","36127","2025-12-06","25.00","AUD","1763256960","101429/2025-12-06/1763256960.json"
"485268","36127","2025-12-07","25.00","AUD","1763256960","101429/2025-12-07/1763256960.json"
"485268","36127","2025-12-08","25.00","AUD","1763256960","101429/2025-12-08/1763256960.json"
"485268","36127","2025-12-09","25.00","AUD","1763256960","101429/2025-12-09/1763256960.json"
"485268","36127","2025-12-10","25.00","AUD","1763256960","101429/2025-12-10/1763256960.json"
"485268","36127","2025-12-11","25.00","AUD","1763256960","101429/2025-12-11/1763256960.json"
"485268","36127","2025-11-19","25.00","AUD","1763268383","101429/2025-11-19/1763268383.json"
"485268","36127","2025-11-16","25.00","AUD","1763268383","101429/2025-11-16/1763268383.json"
"485268","36127","2025-11-21","25.00","AUD","1763268383","101429/2025-11-21/1763268383.json"
"485268","36127","2025-11-20","25.00","AUD","1763268383","101429/2025-11-20/1763268383.json"
"485268","36127","2025-11-23","25.00","AUD","1763268383","101429/2025-11-23/1763268383.json"
"485268","36127","2025-11-22","25.00","AUD","1763268383","101429/2025-11-22/1763268383.json"
"485268","36127","2025-11-25","25.00","AUD","1763268383","101429/2025-11-25/1763268383.json"
"485268","36127","2025-11-26","25.00","AUD","1763268383","101429/2025-11-26/1763268383.json"
"485268","36127","2025-11-27","25.00","AUD","1763268383","101429/2025-11-27/1763268383.json"
"485268","36127","2025-11-24","25.00","AUD","1763268383","101429/2025-11-24/1763268383.json"
"485268","36127","2025-11-28","25.00","AUD","1763268383","101429/2025-11-28/1763268383.json"
"485268","36127","2025-11-29","25.00","AUD","1763268383","101429/2025-11-29/1763268383.json"
"485268","36127","2025-11-30","25.00","AUD","1763268383","101429/2025-11-30/1763268383.json"
"485268","36127","2025-12-01","25.00","AUD","1763268383","101429/2025-12-01/1763268383.json"
"485268","36127","2025-12-02","25.00","AUD","1763268383","101429/2025-12-02/1763268383.json"
"485268","36127","2025-12-04","25.00","AUD","1763268383","101429/2025-12-04/1763268383.json"
"485268","36127","2025-12-05","25.00","AUD","1763268383","101429/2025-12-05/1763268383.json"
"485268","36127","2025-12-03","25.00","AUD","1763268383","101429/2025-12-03/1763268383.json"
"485268","36127","2025-12-07","25.00","AUD","1763268383","101429/2025-12-07/1763268383.json"
"485268","36127","2025-12-08","25.00","AUD","1763268383","101429/2025-12-08/1763268383.json"
"485268","36127","2025-12-09","25.00","AUD","1763268383","101429/2025-12-09/1763268383.json"
"485268","36127","2025-12-06","25.00","AUD","1763268383","101429/2025-12-06/1763268383.json"
"485268","36127","2025-12-11","25.00","AUD","1763268383","101429/2025-12-11/1763268383.json"
"485268","36127","2025-12-10","25.00","AUD","1763268383","101429/2025-12-10/1763268383.json"
"485268","36127","2025-11-19","25.00","AUD","1763282365","101429/2025-11-19/1763282365.json"
"485268","36127","2025-11-20","25.00","AUD","1763282365","101429/2025-11-20/1763282365.json"
"485268","36127","2025-11-22","25.00","AUD","1763282365","101429/2025-11-22/1763282365.json"
"485268","36127","2025-11-21","25.00","AUD","1763282365","101429/2025-11-21/1763282365.json"
"485268","36127","2025-11-23","25.00","AUD","1763282365","101429/2025-11-23/1763282365.json"
"485268","36127","2025-11-25","25.00","AUD","1763282365","101429/2025-11-25/1763282365.json"
"485268","36127","2025-11-26","25.00","AUD","1763282365","101429/2025-11-26/1763282365.json"
"485268","36127","2025-11-24","25.00","AUD","1763282365","101429/2025-11-24/1763282365.json"
"485268","36127","2025-11-27","25.00","AUD","1763282365","101429/2025-11-27/1763282365.json"
"485268","36127","2025-11-29","25.00","AUD","1763282365","101429/2025-11-29/1763282365.json"
"485268","36127","2025-11-28","25.00","AUD","1763282365","101429/2025-11-28/1763282365.json"
"485268","36127","2025-11-30","25.00","AUD","1763282365","101429/2025-11-30/1763282365.json"
"485268","36127","2025-12-01","25.00","AUD","1763282365","101429/2025-12-01/1763282365.json"
"485268","36127","2025-12-02","25.00","AUD","1763282365","101429/2025-12-02/1763282365.json"
"485268","36127","2025-12-03","25.00","AUD","1763282365","101429/2025-12-03/1763282365.json"
"485268","36127","2025-12-04","25.00","AUD","1763282365","101429/2025-12-04/1763282365.json"
"485268","36127","2025-12-06","25.00","AUD","1763282365","101429/2025-12-06/1763282365.json"
"485268","36127","2025-12-07","25.00","AUD","1763282365","101429/2025-12-07/1763282365.json"
"485268","36127","2025-12-05","25.00","AUD","1763282365","101429/2025-12-05/1763282365.json"
"485268","36127","2025-12-08","25.00","AUD","1763282365","101429/2025-12-08/1763282365.json"
"485268","36127","2025-12-11","25.00","AUD","1763282365","101429/2025-12-11/1763282365.json"
"485268","36127","2025-12-10","25.00","AUD","1763282365","101429/2025-12-10/1763282365.json"
"485268","36127","2025-12-09","25.00","AUD","1763282365","101429/2025-12-09/1763282365.json"
"485268","36127","2025-11-19","25.00","AUD","1763297252","101429/2025-11-19/1763297252.json"
"485268","36127","2025-11-20","25.00","AUD","1763297252","101429/2025-11-20/1763297252.json"
"485268","36127","2025-11-23","25.00","AUD","1763297252","101429/2025-11-23/1763297252.json"
"485268","36127","2025-11-21","25.00","AUD","1763297252","101429/2025-11-21/1763297252.json"
"485268","36127","2025-11-22","25.00","AUD","1763297252","101429/2025-11-22/1763297252.json"
"485268","36127","2025-11-25","25.00","AUD","1763297252","101429/2025-11-25/1763297252.json"
"485268","36127","2025-11-24","25.00","AUD","1763297252","101429/2025-11-24/1763297252.json"
"485268","36127","2025-11-27","25.00","AUD","1763297252","101429/2025-11-27/1763297252.json"
"485268","36127","2025-11-26","25.00","AUD","1763297252","101429/2025-11-26/1763297252.json"
"485268","36127","2025-11-28","25.00","AUD","1763297252","101429/2025-11-28/1763297252.json"
"485268","36127","2025-11-29","25.00","AUD","1763297252","101429/2025-11-29/1763297252.json"
"485268","36127","2025-12-01","25.00","AUD","1763297252","101429/2025-12-01/1763297252.json"
"485268","36127","2025-11-30","25.00","AUD","1763297252","101429/2025-11-30/1763297252.json"
"485268","36127","2025-12-02","25.00","AUD","1763297252","101429/2025-12-02/1763297252.json"
"485268","36127","2025-12-03","25.00","AUD","1763297252","101429/2025-12-03/1763297252.json"
"485268","36127","2025-12-05","25.00","AUD","1763297252","101429/2025-12-05/1763297252.json"
"485268","36127","2025-12-04","25.00","AUD","1763297252","101429/2025-12-04/1763297252.json"
"485268","36127","2025-12-06","25.00","AUD","1763297252","101429/2025-12-06/1763297252.json"
"485268","36127","2025-12-07","25.00","AUD","1763297252","101429/2025-12-07/1763297252.json"
"485268","36127","2025-12-08","25.00","AUD","1763297252","101429/2025-12-08/1763297252.json"
"485268","36127","2025-12-10","25.00","AUD","1763297252","101429/2025-12-10/1763297252.json"
"485268","36127","2025-12-09","25.00","AUD","1763297252","101429/2025-12-09/1763297252.json"
"485268","36127","2025-12-11","25.00","AUD","1763297252","101429/2025-12-11/1763297252.json"
"485268","36127","2025-11-19","25.00","AUD","1763311307","101429/2025-11-19/1763311307.json"
"485268","36127","2025-11-20","25.00","AUD","1763311307","101429/2025-11-20/1763311307.json"
"485268","36127","2025-11-22","25.00","AUD","1763311307","101429/2025-11-22/1763311307.json"
"485268","36127","2025-11-23","25.00","AUD","1763311307","101429/2025-11-23/1763311307.json"
"485268","36127","2025-11-24","25.00","AUD","1763311307","101429/2025-11-24/1763311307.json"
"485268","36127","2025-11-21","25.00","AUD","1763311307","101429/2025-11-21/1763311307.json"
"485268","36127","2025-11-25","25.00","AUD","1763311307","101429/2025-11-25/1763311307.json"
"485268","36127","2025-11-26","25.00","AUD","1763311307","101429/2025-11-26/1763311307.json"
"485268","36127","2025-11-28","25.00","AUD","1763311307","101429/2025-11-28/1763311307.json"
"485268","36127","2025-11-27","25.00","AUD","1763311307","101429/2025-11-27/1763311307.json"
"485268","36127","2025-11-29","25.00","AUD","1763311307","101429/2025-11-29/1763311307.json"
"485268","36127","2025-12-01","25.00","AUD","1763311307","101429/2025-12-01/1763311307.json"
"485268","36127","2025-12-02","25.00","AUD","1763311307","101429/2025-12-02/1763311307.json"
"485268","36127","2025-11-30","25.00","AUD","1763311307","101429/2025-11-30/1763311307.json"
"485268","36127","2025-12-03","25.00","AUD","1763311307","101429/2025-12-03/1763311307.json"
"485268","36127","2025-12-04","25.00","AUD","1763311307","101429/2025-12-04/1763311307.json"
"485268","36127","2025-12-06","25.00","AUD","1763311307","101429/2025-12-06/1763311307.json"
"485268","36127","2025-12-05","25.00","AUD","1763311307","101429/2025-12-05/1763311307.json"
"485268","36127","2025-12-07","25.00","AUD","1763311307","101429/2025-12-07/1763311307.json"
"485268","36127","2025-12-08","25.00","AUD","1763311307","101429/2025-12-08/1763311307.json"
"485268","36127","2025-12-09","25.00","AUD","1763311307","101429/2025-12-09/1763311307.json"
"485268","36127","2025-12-10","25.00","AUD","1763311307","101429/2025-12-10/1763311307.json"
"485268","36127","2025-12-11","25.00","AUD","1763311307","101429/2025-12-11/1763311307.json"
"485268","36127","2025-11-19","25.00","AUD","1763325669","101429/2025-11-19/1763325669.json"
"485268","36127","2025-11-20","25.00","AUD","1763325669","101429/2025-11-20/1763325669.json"
"485268","36127","2025-11-21","25.00","AUD","1763325669","101429/2025-11-21/1763325669.json"
"485268","36127","2025-11-23","25.00","AUD","1763325669","101429/2025-11-23/1763325669.json"
"485268","36127","2025-11-22","25.00","AUD","1763325669","101429/2025-11-22/1763325669.json"
"485268","36127","2025-11-24","25.00","AUD","1763325669","101429/2025-11-24/1763325669.json"
"485268","36127","2025-11-25","25.00","AUD","1763325669","101429/2025-11-25/1763325669.json"
"485268","36127","2025-11-27","25.00","AUD","1763325669","101429/2025-11-27/1763325669.json"
"485268","36127","2025-11-26","25.00","AUD","1763325669","101429/2025-11-26/1763325669.json"
"485268","36127","2025-11-28","25.00","AUD","1763325669","101429/2025-11-28/1763325669.json"
"485268","36127","2025-11-29","25.00","AUD","1763325669","101429/2025-11-29/1763325669.json"
"485268","36127","2025-12-01","25.00","AUD","1763325669","101429/2025-12-01/1763325669.json"
"485268","36127","2025-11-30","25.00","AUD","1763325669","101429/2025-11-30/1763325669.json"
"485268","36127","2025-12-03","25.00","AUD","1763325669","101429/2025-12-03/1763325669.json"
"485268","36127","2025-12-02","25.00","AUD","1763325669","101429/2025-12-02/1763325669.json"
"485268","36127","2025-12-04","25.00","AUD","1763325669","101429/2025-12-04/1763325669.json"
"485268","36127","2025-12-06","25.00","AUD","1763325669","101429/2025-12-06/1763325669.json"
"485268","36127","2025-12-05","25.00","AUD","1763325669","101429/2025-12-05/1763325669.json"
"485268","36127","2025-12-07","25.00","AUD","1763325669","101429/2025-12-07/1763325669.json"
"485268","36127","2025-12-08","25.00","AUD","1763325669","101429/2025-12-08/1763325669.json"
"485268","36127","2025-12-09","25.00","AUD","1763325669","101429/2025-12-09/1763325669.json"
"485268","36127","2025-12-10","25.00","AUD","1763325669","101429/2025-12-10/1763325669.json"
"485268","36127","2025-12-11","25.00","AUD","1763325669","101429/2025-12-11/1763325669.json"
"485268","36127","2025-11-19","25.00","AUD","1763343095","101429/2025-11-19/1763343095.json"
"485268","36127","2025-11-20","25.00","AUD","1763343095","101429/2025-11-20/1763343095.json"
"485268","36127","2025-11-21","25.00","AUD","1763343095","101429/2025-11-21/1763343095.json"
"485268","36127","2025-11-23","25.00","AUD","1763343095","101429/2025-11-23/1763343095.json"
"485268","36127","2025-11-22","25.00","AUD","1763343095","101429/2025-11-22/1763343095.json"
"485268","36127","2025-11-24","25.00","AUD","1763343095","101429/2025-11-24/1763343095.json"
"485268","36127","2025-11-25","25.00","AUD","1763343095","101429/2025-11-25/1763343095.json"
"485268","36127","2025-11-26","25.00","AUD","1763343095","101429/2025-11-26/1763343095.json"
"485268","36127","2025-11-28","25.00","AUD","1763343095","101429/2025-11-28/1763343095.json"
"485268","36127","2025-11-27","25.00","AUD","1763343095","101429/2025-11-27/1763343095.json"
"485268","36127","2025-11-29","25.00","AUD","1763343095","101429/2025-11-29/1763343095.json"
"485268","36127","2025-11-30","25.00","AUD","1763343095","101429/2025-11-30/1763343095.json"
"485268","36127","2025-12-01","25.00","AUD","1763343095","101429/2025-12-01/1763343095.json"
"485268","36127","2025-12-02","25.00","AUD","1763343095","101429/2025-12-02/1763343095.json"
"485268","36127","2025-12-03","25.00","AUD","1763343095","101429/2025-12-03/1763343095.json"
"485268","36127","2025-12-04","25.00","AUD","1763343095","101429/2025-12-04/1763343095.json"
"485268","36127","2025-12-05","25.00","AUD","1763343095","101429/2025-12-05/1763343095.json"
"485268","36127","2025-12-06","25.00","AUD","1763343095","101429/2025-12-06/1763343095.json"
"485268","36127","2025-12-07","25.00","AUD","1763343095","101429/2025-12-07/1763343095.json"
"485268","36127","2025-12-08","25.00","AUD","1763343095","101429/2025-12-08/1763343095.json"
"485268","36127","2025-12-09","25.00","AUD","1763343095","101429/2025-12-09/1763343095.json"
"485268","36127","2025-12-10","25.00","AUD","1763343095","101429/2025-12-10/1763343095.json"
"485268","36127","2025-12-11","25.00","AUD","1763343095","101429/2025-12-11/1763343095.json"
"485268","36127","2025-11-19","25.00","AUD","1763354632","101429/2025-11-19/1763354632.json"
"485268","36127","2025-11-20","25.00","AUD","1763354632","101429/2025-11-20/1763354632.json"
"485268","36127","2025-11-21","25.00","AUD","1763354632","101429/2025-11-21/1763354632.json"
"485268","36127","2025-11-22","25.00","AUD","1763354632","101429/2025-11-22/1763354632.json"
"485268","36127","2025-11-24","25.00","AUD","1763354632","101429/2025-11-24/1763354632.json"
"485268","36127","2025-11-23","25.00","AUD","1763354632","101429/2025-11-23/1763354632.json"
"485268","36127","2025-11-27","25.00","AUD","1763354632","101429/2025-11-27/1763354632.json"
"485268","36127","2025-11-25","25.00","AUD","1763354632","101429/2025-11-25/1763354632.json"
"485268","36127","2025-11-26","25.00","AUD","1763354632","101429/2025-11-26/1763354632.json"
"485268","36127","2025-11-28","25.00","AUD","1763354632","101429/2025-11-28/1763354632.json"
"485268","36127","2025-11-29","25.00","AUD","1763354632","101429/2025-11-29/1763354632.json"
"485268","36127","2025-11-30","25.00","AUD","1763354632","101429/2025-11-30/1763354632.json"
"485268","36127","2025-12-01","25.00","AUD","1763354632","101429/2025-12-01/1763354632.json"
"485268","36127","2025-12-02","25.00","AUD","1763354632","101429/2025-12-02/1763354632.json"
"485268","36127","2025-12-03","25.00","AUD","1763354632","101429/2025-12-03/1763354632.json"
"485268","36127","2025-12-05","25.00","AUD","1763354632","101429/2025-12-05/1763354632.json"
"485268","36127","2025-12-04","25.00","AUD","1763354632","101429/2025-12-04/1763354632.json"
"485268","36127","2025-12-06","25.00","AUD","1763354632","101429/2025-12-06/1763354632.json"
"485268","36127","2025-12-07","25.00","AUD","1763354632","101429/2025-12-07/1763354632.json"
"485268","36127","2025-12-08","25.00","AUD","1763354632","101429/2025-12-08/1763354632.json"
"485268","36127","2025-12-09","25.00","AUD","1763354632","101429/2025-12-09/1763354632.json"
"485268","36127","2025-12-11","25.00","AUD","1763354632","101429/2025-12-11/1763354632.json"
"485268","36127","2025-12-10","25.00","AUD","1763354632","101429/2025-12-10/1763354632.json"
"485268","36127","2025-11-20","25.00","AUD","1763369273","101429/2025-11-20/1763369273.json"
"485268","36127","2025-11-21","25.00","AUD","1763369273","101429/2025-11-21/1763369273.json"
"485268","36127","2025-11-19","25.00","AUD","1763369273","101429/2025-11-19/1763369273.json"
"485268","36127","2025-11-22","25.00","AUD","1763369273","101429/2025-11-22/1763369273.json"
"485268","36127","2025-11-23","25.00","AUD","1763369273","101429/2025-11-23/1763369273.json"
"485268","36127","2025-11-25","25.00","AUD","1763369273","101429/2025-11-25/1763369273.json"
"485268","36127","2025-11-24","25.00","AUD","1763369273","101429/2025-11-24/1763369273.json"
"485268","36127","2025-11-26","25.00","AUD","1763369273","101429/2025-11-26/1763369273.json"
"485268","36127","2025-11-27","25.00","AUD","1763369273","101429/2025-11-27/1763369273.json"
"485268","36127","2025-11-29","25.00","AUD","1763369273","101429/2025-11-29/1763369273.json"
"485268","36127","2025-11-28","25.00","AUD","1763369273","101429/2025-11-28/1763369273.json"
"485268","36127","2025-11-30","25.00","AUD","1763369273","101429/2025-11-30/1763369273.json"
"485268","36127","2025-12-01","25.00","AUD","1763369273","101429/2025-12-01/1763369273.json"
"485268","36127","2025-12-03","25.00","AUD","1763369273","101429/2025-12-03/1763369273.json"
"485268","36127","2025-12-05","25.00","AUD","1763369273","101429/2025-12-05/1763369273.json"
"485268","36127","2025-12-02","25.00","AUD","1763369273","101429/2025-12-02/1763369273.json"
"485268","36127","2025-12-04","25.00","AUD","1763369273","101429/2025-12-04/1763369273.json"
"485268","36127","2025-12-06","25.00","AUD","1763369273","101429/2025-12-06/1763369273.json"
"485268","36127","2025-12-07","25.00","AUD","1763369273","101429/2025-12-07/1763369273.json"
"485268","36127","2025-12-08","25.00","AUD","1763369273","101429/2025-12-08/1763369273.json"
"485268","36127","2025-12-09","25.00","AUD","1763369273","101429/2025-12-09/1763369273.json"
"485268","36127","2025-12-10","25.00","AUD","1763369273","101429/2025-12-10/1763369273.json"
"485268","36127","2025-12-11","25.00","AUD","1763369273","101429/2025-12-11/1763369273.json"
"485268","36127","2025-11-19","25.00","AUD","1763384261","101429/2025-11-19/1763384261.json"
"485268","36127","2025-11-20","25.00","AUD","1763384261","101429/2025-11-20/1763384261.json"
"485268","36127","2025-11-21","25.00","AUD","1763384261","101429/2025-11-21/1763384261.json"
"485268","36127","2025-11-22","25.00","AUD","1763384261","101429/2025-11-22/1763384261.json"
"485268","36127","2025-11-23","25.00","AUD","1763384261","101429/2025-11-23/1763384261.json"
"485268","36127","2025-11-24","25.00","AUD","1763384261","101429/2025-11-24/1763384261.json"
"485268","36127","2025-11-27","25.00","AUD","1763384261","101429/2025-11-27/1763384261.json"
"485268","36127","2025-11-26","25.00","AUD","1763384261","101429/2025-11-26/1763384261.json"
"485268","36127","2025-11-28","25.00","AUD","1763384261","101429/2025-11-28/1763384261.json"
"485268","36127","2025-11-29","25.00","AUD","1763384261","101429/2025-11-29/1763384261.json"
"485268","36127","2025-11-30","25.00","AUD","1763384261","101429/2025-11-30/1763384261.json"
"485268","36127","2025-12-01","25.00","AUD","1763384261","101429/2025-12-01/1763384261.json"
"485268","36127","2025-12-02","25.00","AUD","1763384261","101429/2025-12-02/1763384261.json"
"485268","36127","2025-12-03","25.00","AUD","1763384261","101429/2025-12-03/1763384261.json"
"485268","36127","2025-12-04","25.00","AUD","1763384261","101429/2025-12-04/1763384261.json"
"485268","36127","2025-12-05","25.00","AUD","1763384261","101429/2025-12-05/1763384261.json"
"485268","36127","2025-11-25","25.00","AUD","1763384261","101429/2025-11-25/1763384261.json"
"485268","36127","2025-12-06","25.00","AUD","1763384261","101429/2025-12-06/1763384261.json"
"485268","36127","2025-12-07","25.00","AUD","1763384261","101429/2025-12-07/1763384261.json"
"485268","36127","2025-12-10","25.00","AUD","1763384261","101429/2025-12-10/1763384261.json"
"485268","36127","2025-12-08","25.00","AUD","1763384261","101429/2025-12-08/1763384261.json"
"485268","36127","2025-12-11","25.00","AUD","1763384261","101429/2025-12-11/1763384261.json"
"485268","36127","2025-12-09","25.00","AUD","1763384261","101429/2025-12-09/1763384261.json"
"485268","36127","2025-11-19","25.00","AUD","1763398225","101429/2025-11-19/1763398225.json"
"485268","36127","2025-11-20","25.00","AUD","1763398225","101429/2025-11-20/1763398225.json"
"485268","36127","2025-11-21","25.00","AUD","1763398225","101429/2025-11-21/1763398225.json"
"485268","36127","2025-11-22","25.00","AUD","1763398225","101429/2025-11-22/1763398225.json"
"485268","36127","2025-11-23","25.00","AUD","1763398225","101429/2025-11-23/1763398225.json"
"485268","36127","2025-11-25","25.00","AUD","1763398225","101429/2025-11-25/1763398225.json"
"485268","36127","2025-11-24","25.00","AUD","1763398225","101429/2025-11-24/1763398225.json"
"485268","36127","2025-11-26","25.00","AUD","1763398225","101429/2025-11-26/1763398225.json"
"485268","36127","2025-11-27","25.00","AUD","1763398225","101429/2025-11-27/1763398225.json"
"485268","36127","2025-11-29","25.00","AUD","1763398225","101429/2025-11-29/1763398225.json"
"485268","36127","2025-11-28","25.00","AUD","1763398225","101429/2025-11-28/1763398225.json"
"485268","36127","2025-11-30","25.00","AUD","1763398225","101429/2025-11-30/1763398225.json"
"485268","36127","2025-12-01","25.00","AUD","1763398225","101429/2025-12-01/1763398225.json"
"485268","36127","2025-12-03","25.00","AUD","1763398225","101429/2025-12-03/1763398225.json"
"485268","36127","2025-12-02","25.00","AUD","1763398225","101429/2025-12-02/1763398225.json"
"485268","36127","2025-12-05","25.00","AUD","1763398225","101429/2025-12-05/1763398225.json"
"485268","36127","2025-12-04","25.00","AUD","1763398225","101429/2025-12-04/1763398225.json"
"485268","36127","2025-12-06","25.00","AUD","1763398225","101429/2025-12-06/1763398225.json"
"485268","36127","2025-12-07","25.00","AUD","1763398225","101429/2025-12-07/1763398225.json"
"485268","36127","2025-12-08","25.00","AUD","1763398225","101429/2025-12-08/1763398225.json"
"485268","36127","2025-12-10","25.00","AUD","1763398225","101429/2025-12-10/1763398225.json"
"485268","36127","2025-12-09","25.00","AUD","1763398225","101429/2025-12-09/1763398225.json"
"485268","36127","2025-12-11","25.00","AUD","1763398225","101429/2025-12-11/1763398225.json"
"485268","36127","2025-11-20","25.00","AUD","1763412375","101429/2025-11-20/1763412375.json"
"485268","36127","2025-11-19","25.00","AUD","1763412375","101429/2025-11-19/1763412375.json"
"485268","36127","2025-11-21","25.00","AUD","1763412375","101429/2025-11-21/1763412375.json"
"485268","36127","2025-11-23","25.00","AUD","1763412375","101429/2025-11-23/1763412375.json"
"485268","36127","2025-11-22","25.00","AUD","1763412375","101429/2025-11-22/1763412375.json"
"485268","36127","2025-11-24","25.00","AUD","1763412375","101429/2025-11-24/1763412375.json"
"485268","36127","2025-11-26","25.00","AUD","1763412375","101429/2025-11-26/1763412375.json"
"485268","36127","2025-11-25","25.00","AUD","1763412375","101429/2025-11-25/1763412375.json"
"485268","36127","2025-11-27","25.00","AUD","1763412375","101429/2025-11-27/1763412375.json"
"485268","36127","2025-11-28","25.00","AUD","1763412375","101429/2025-11-28/1763412375.json"
"485268","36127","2025-11-29","25.00","AUD","1763412375","101429/2025-11-29/1763412375.json"
"485268","36127","2025-12-01","25.00","AUD","1763412375","101429/2025-12-01/1763412375.json"
"485268","36127","2025-12-02","25.00","AUD","1763412375","101429/2025-12-02/1763412375.json"
"485268","36127","2025-11-30","25.00","AUD","1763412375","101429/2025-11-30/1763412375.json"
"485268","36127","2025-12-03","25.00","AUD","1763412375","101429/2025-12-03/1763412375.json"
"485268","36127","2025-12-04","25.00","AUD","1763412375","101429/2025-12-04/1763412375.json"
"485268","36127","2025-12-05","25.00","AUD","1763412375","101429/2025-12-05/1763412375.json"
"485268","36127","2025-12-06","25.00","AUD","1763412375","101429/2025-12-06/1763412375.json"
"485268","36127","2025-12-07","25.00","AUD","1763412375","101429/2025-12-07/1763412375.json"
"485268","36127","2025-12-08","25.00","AUD","1763412375","101429/2025-12-08/1763412375.json"
"485268","36127","2025-12-11","25.00","AUD","1763412375","101429/2025-12-11/1763412375.json"
"485268","36127","2025-12-10","25.00","AUD","1763412375","101429/2025-12-10/1763412375.json"
"485268","36127","2025-12-09","25.00","AUD","1763412375","101429/2025-12-09/1763412375.json"
"485268","36127","2025-11-19","25.00","AUD","1763429696","101429/2025-11-19/1763429696.json"
"485268","36127","2025-11-21","25.00","AUD","1763429696","101429/2025-11-21/1763429696.json"
"485268","36127","2025-11-20","25.00","AUD","1763429696","101429/2025-11-20/1763429696.json"
"485268","36127","2025-11-23","25.00","AUD","1763429696","101429/2025-11-23/1763429696.json"
"485268","36127","2025-11-22","25.00","AUD","1763429696","101429/2025-11-22/1763429696.json"
"485268","36127","2025-11-25","25.00","AUD","1763429696","101429/2025-11-25/1763429696.json"
"485268","36127","2025-11-24","25.00","AUD","1763429696","101429/2025-11-24/1763429696.json"
"485268","36127","2025-11-27","25.00","AUD","1763429696","101429/2025-11-27/1763429696.json"
"485268","36127","2025-11-26","25.00","AUD","1763429696","101429/2025-11-26/1763429696.json"
"485268","36127","2025-11-28","25.00","AUD","1763429696","101429/2025-11-28/1763429696.json"
"485268","36127","2025-11-29","25.00","AUD","1763429696","101429/2025-11-29/1763429696.json"
"485268","36127","2025-11-30","25.00","AUD","1763429696","101429/2025-11-30/1763429696.json"
"485268","36127","2025-12-03","25.00","AUD","1763429696","101429/2025-12-03/1763429696.json"
"485268","36127","2025-12-01","25.00","AUD","1763429696","101429/2025-12-01/1763429696.json"
"485268","36127","2025-12-04","25.00","AUD","1763429696","101429/2025-12-04/1763429696.json"
"485268","36127","2025-12-05","25.00","AUD","1763429696","101429/2025-12-05/1763429696.json"
"485268","36127","2025-12-06","25.00","AUD","1763429696","101429/2025-12-06/1763429696.json"
"485268","36127","2025-12-07","25.00","AUD","1763429696","101429/2025-12-07/1763429696.json"
"485268","36127","2025-12-08","25.00","AUD","1763429696","101429/2025-12-08/1763429696.json"
"485268","36127","2025-12-02","25.00","AUD","1763429696","101429/2025-12-02/1763429696.json"
"485268","36127","2025-12-09","25.00","AUD","1763429696","101429/2025-12-09/1763429696.json"
"485268","36127","2025-12-10","25.00","AUD","1763429696","101429/2025-12-10/1763429696.json"
"485268","36127","2025-12-11","25.00","AUD","1763429696","101429/2025-12-11/1763429696.json"
"485268","36127","2025-11-19","25.00","AUD","1763440928","101429/2025-11-19/1763440928.json"
"485268","36127","2025-11-21","25.00","AUD","1763440928","101429/2025-11-21/1763440928.json"
"485268","36127","2025-11-20","25.00","AUD","1763440928","101429/2025-11-20/1763440928.json"
"485268","36127","2025-11-24","25.00","AUD","1763440928","101429/2025-11-24/1763440928.json"
"485268","36127","2025-11-22","25.00","AUD","1763440928","101429/2025-11-22/1763440928.json"
"485268","36127","2025-11-23","25.00","AUD","1763440928","101429/2025-11-23/1763440928.json"
"485268","36127","2025-11-25","25.00","AUD","1763440928","101429/2025-11-25/1763440928.json"
"485268","36127","2025-11-26","25.00","AUD","1763440928","101429/2025-11-26/1763440928.json"
"485268","36127","2025-11-28","25.00","AUD","1763440928","101429/2025-11-28/1763440928.json"
"485268","36127","2025-11-27","25.00","AUD","1763440928","101429/2025-11-27/1763440928.json"
"485268","36127","2025-11-29","25.00","AUD","1763440928","101429/2025-11-29/1763440928.json"
"485268","36127","2025-11-30","25.00","AUD","1763440928","101429/2025-11-30/1763440928.json"
"485268","36127","2025-12-01","25.00","AUD","1763440928","101429/2025-12-01/1763440928.json"
"485268","36127","2025-12-03","25.00","AUD","1763440928","101429/2025-12-03/1763440928.json"
"485268","36127","2025-12-02","25.00","AUD","1763440928","101429/2025-12-02/1763440928.json"
"485268","36127","2025-12-04","25.00","AUD","1763440928","101429/2025-12-04/1763440928.json"
"485268","36127","2025-12-05","25.00","AUD","1763440928","101429/2025-12-05/1763440928.json"
"485268","36127","2025-12-08","25.00","AUD","1763440928","101429/2025-12-08/1763440928.json"
"485268","36127","2025-12-09","25.00","AUD","1763440928","101429/2025-12-09/1763440928.json"
"485268","36127","2025-12-06","25.00","AUD","1763440928","101429/2025-12-06/1763440928.json"
"485268","36127","2025-12-07","25.00","AUD","1763440928","101429/2025-12-07/1763440928.json"
"485268","36127","2025-12-10","25.00","AUD","1763440928","101429/2025-12-10/1763440928.json"
"485268","36127","2025-12-11","25.00","AUD","1763440928","101429/2025-12-11/1763440928.json"
"485268","36127","2025-11-20","25.00","AUD","1763455748","101429/2025-11-20/1763455748.json"
"485268","36127","2025-11-21","25.00","AUD","1763455748","101429/2025-11-21/1763455748.json"
"485268","36127","2025-11-19","25.00","AUD","1763455748","101429/2025-11-19/1763455748.json"
"485268","36127","2025-11-22","25.00","AUD","1763455748","101429/2025-11-22/1763455748.json"
"485268","36127","2025-11-23","25.00","AUD","1763455748","101429/2025-11-23/1763455748.json"
"485268","36127","2025-11-24","25.00","AUD","1763455748","101429/2025-11-24/1763455748.json"
"485268","36127","2025-11-26","25.00","AUD","1763455748","101429/2025-11-26/1763455748.json"
"485268","36127","2025-11-27","25.00","AUD","1763455748","101429/2025-11-27/1763455748.json"
"485268","36127","2025-11-25","25.00","AUD","1763455748","101429/2025-11-25/1763455748.json"
"485268","36127","2025-11-28","25.00","AUD","1763455748","101429/2025-11-28/1763455748.json"
"485268","36127","2025-11-29","25.00","AUD","1763455748","101429/2025-11-29/1763455748.json"
"485268","36127","2025-11-30","25.00","AUD","1763455748","101429/2025-11-30/1763455748.json"
"485268","36127","2025-12-01","25.00","AUD","1763455748","101429/2025-12-01/1763455748.json"
"485268","36127","2025-12-02","25.00","AUD","1763455748","101429/2025-12-02/1763455748.json"
"485268","36127","2025-12-04","25.00","AUD","1763455748","101429/2025-12-04/1763455748.json"
"485268","36127","2025-12-03","25.00","AUD","1763455748","101429/2025-12-03/1763455748.json"
"485268","36127","2025-12-05","25.00","AUD","1763455748","101429/2025-12-05/1763455748.json"
"485268","36127","2025-12-06","25.00","AUD","1763455748","101429/2025-12-06/1763455748.json"
"485268","36127","2025-12-07","25.00","AUD","1763455748","101429/2025-12-07/1763455748.json"
"485268","36127","2025-12-08","25.00","AUD","1763455748","101429/2025-12-08/1763455748.json"
"485268","36127","2025-12-09","25.00","AUD","1763455748","101429/2025-12-09/1763455748.json"
"485268","36127","2025-12-10","25.00","AUD","1763455748","101429/2025-12-10/1763455748.json"
"485268","36127","2025-12-11","25.00","AUD","1763455748","101429/2025-12-11/1763455748.json"
"485268","36127","2025-11-20","25.00","AUD","1763470828","101429/2025-11-20/1763470828.json"
"485268","36127","2025-11-21","25.00","AUD","1763470828","101429/2025-11-21/1763470828.json"
"485268","36127","2025-11-19","25.00","AUD","1763470828","101429/2025-11-19/1763470828.json"
"485268","36127","2025-11-22","25.00","AUD","1763470828","101429/2025-11-22/1763470828.json"
"485268","36127","2025-11-23","25.00","AUD","1763470828","101429/2025-11-23/1763470828.json"
"485268","36127","2025-11-24","25.00","AUD","1763470828","101429/2025-11-24/1763470828.json"
"485268","36127","2025-11-25","25.00","AUD","1763470828","101429/2025-11-25/1763470828.json"
"485268","36127","2025-11-26","25.00","AUD","1763470828","101429/2025-11-26/1763470828.json"
"485268","36127","2025-11-27","25.00","AUD","1763470828","101429/2025-11-27/1763470828.json"
"485268","36127","2025-11-28","25.00","AUD","1763470828","101429/2025-11-28/1763470828.json"
"485268","36127","2025-11-29","25.00","AUD","1763470828","101429/2025-11-29/1763470828.json"
"485268","36127","2025-11-30","25.00","AUD","1763470828","101429/2025-11-30/1763470828.json"
"485268","36127","2025-12-01","25.00","AUD","1763470828","101429/2025-12-01/1763470828.json"
"485268","36127","2025-12-02","25.00","AUD","1763470828","101429/2025-12-02/1763470828.json"
"485268","36127","2025-12-03","25.00","AUD","1763470828","101429/2025-12-03/1763470828.json"
"485268","36127","2025-12-04","25.00","AUD","1763470828","101429/2025-12-04/1763470828.json"
"485268","36127","2025-12-05","25.00","AUD","1763470828","101429/2025-12-05/1763470828.json"
"485268","36127","2025-12-06","25.00","AUD","1763470828","101429/2025-12-06/1763470828.json"
"485268","36127","2025-12-07","25.00","AUD","1763470828","101429/2025-12-07/1763470828.json"
"485268","36127","2025-12-08","25.00","AUD","1763470828","101429/2025-12-08/1763470828.json"
"485268","36127","2025-12-10","25.00","AUD","1763470828","101429/2025-12-10/1763470828.json"
"485268","36127","2025-12-09","25.00","AUD","1763470828","101429/2025-12-09/1763470828.json"
"485268","36127","2025-12-11","25.00","AUD","1763470828","101429/2025-12-11/1763470828.json"
"485268","36127","2025-11-19","25.00","AUD","1763484672","101429/2025-11-19/1763484672.json"
"485268","36127","2025-11-21","25.00","AUD","1763484672","101429/2025-11-21/1763484672.json"
"485268","36127","2025-11-20","25.00","AUD","1763484672","101429/2025-11-20/1763484672.json"
"485268","36127","2025-11-22","25.00","AUD","1763484672","101429/2025-11-22/1763484672.json"
"485268","36127","2025-11-24","25.00","AUD","1763484672","101429/2025-11-24/1763484672.json"
"485268","36127","2025-11-23","25.00","AUD","1763484672","101429/2025-11-23/1763484672.json"
"485268","36127","2025-11-25","25.00","AUD","1763484672","101429/2025-11-25/1763484672.json"
"485268","36127","2025-11-26","25.00","AUD","1763484672","101429/2025-11-26/1763484672.json"
"485268","36127","2025-11-27","25.00","AUD","1763484672","101429/2025-11-27/1763484672.json"
"485268","36127","2025-11-28","25.00","AUD","1763484672","101429/2025-11-28/1763484672.json"
"485268","36127","2025-11-29","25.00","AUD","1763484672","101429/2025-11-29/1763484672.json"
"485268","36127","2025-11-30","25.00","AUD","1763484672","101429/2025-11-30/1763484672.json"
"485268","36127","2025-12-01","25.00","AUD","1763484672","101429/2025-12-01/1763484672.json"
"485268","36127","2025-12-02","25.00","AUD","1763484672","101429/2025-12-02/1763484672.json"
"485268","36127","2025-12-03","25.00","AUD","1763484672","101429/2025-12-03/1763484672.json"
"485268","36127","2025-12-04","25.00","AUD","1763484672","101429/2025-12-04/1763484672.json"
"485268","36127","2025-12-06","25.00","AUD","1763484672","101429/2025-12-06/1763484672.json"
"485268","36127","2025-12-05","25.00","AUD","1763484672","101429/2025-12-05/1763484672.json"
"485268","36127","2025-12-08","25.00","AUD","1763484672","101429/2025-12-08/1763484672.json"
"485268","36127","2025-12-09","25.00","AUD","1763484672","101429/2025-12-09/1763484672.json"
"485268","36127","2025-12-07","25.00","AUD","1763484672","101429/2025-12-07/1763484672.json"
"485268","36127","2025-12-10","25.00","AUD","1763484672","101429/2025-12-10/1763484672.json"
"485268","36127","2025-12-11","25.00","AUD","1763484672","101429/2025-12-11/1763484672.json"
"485268","36127","2025-11-19","25.00","AUD","1763515999","101429/2025-11-19/1763515999.json"
"485268","36127","2025-11-21","25.00","AUD","1763515999","101429/2025-11-21/1763515999.json"
"485268","36127","2025-11-20","25.00","AUD","1763515999","101429/2025-11-20/1763515999.json"
"485268","36127","2025-11-22","25.00","AUD","1763515999","101429/2025-11-22/1763515999.json"
"485268","36127","2025-11-24","25.00","AUD","1763515999","101429/2025-11-24/1763515999.json"
"485268","36127","2025-11-23","25.00","AUD","1763515999","101429/2025-11-23/1763515999.json"
"485268","36127","2025-11-26","25.00","AUD","1763515999","101429/2025-11-26/1763515999.json"
"485268","36127","2025-11-25","25.00","AUD","1763515999","101429/2025-11-25/1763515999.json"
"485268","36127","2025-11-28","25.00","AUD","1763515999","101429/2025-11-28/1763515999.json"
"485268","36127","2025-11-27","25.00","AUD","1763515999","101429/2025-11-27/1763515999.json"
"485268","36127","2025-11-29","25.00","AUD","1763515999","101429/2025-11-29/1763515999.json"
"485268","36127","2025-11-30","25.00","AUD","1763515999","101429/2025-11-30/1763515999.json"
"485268","36127","2025-12-02","25.00","AUD","1763515999","101429/2025-12-02/1763515999.json"
"485268","36127","2025-12-03","25.00","AUD","1763515999","101429/2025-12-03/1763515999.json"
"485268","36127","2025-12-01","25.00","AUD","1763515999","101429/2025-12-01/1763515999.json"
"485268","36127","2025-12-04","25.00","AUD","1763515999","101429/2025-12-04/1763515999.json"
"485268","36127","2025-12-07","25.00","AUD","1763515999","101429/2025-12-07/1763515999.json"
"485268","36127","2025-12-08","25.00","AUD","1763515999","101429/2025-12-08/1763515999.json"
"485268","36127","2025-12-05","25.00","AUD","1763515999","101429/2025-12-05/1763515999.json"
"485268","36127","2025-12-06","25.00","AUD","1763515999","101429/2025-12-06/1763515999.json"
"485268","36127","2025-12-09","25.00","AUD","1763515999","101429/2025-12-09/1763515999.json"
"485268","36127","2025-12-10","25.00","AUD","1763515999","101429/2025-12-10/1763515999.json"
"485268","36127","2025-12-11","25.00","AUD","1763515999","101429/2025-12-11/1763515999.json"
"485268","36127","2025-12-12","25.00","AUD","1763515999","101429/2025-12-12/1763515999.json"
"485268","36127","2025-12-13","25.00","AUD","1763515999","101429/2025-12-13/1763515999.json"
"485268","36127","2025-12-16","25.00","AUD","1763515999","101429/2025-12-16/1763515999.json"
"485268","36127","2025-12-14","25.00","AUD","1763515999","101429/2025-12-14/1763515999.json"
"485268","36127","2025-12-15","25.00","AUD","1763515999","101429/2025-12-15/1763515999.json"
"485268","36127","2025-12-17","25.00","AUD","1763515999","101429/2025-12-17/1763515999.json"
"485268","36127","2025-12-19","25.00","AUD","1763515999","101429/2025-12-19/1763515999.json"
"485268","36127","2025-12-18","25.00","AUD","1763515999","101429/2025-12-18/1763515999.json"
"485268","36127","2025-12-20","25.00","AUD","1763515999","101429/2025-12-20/1763515999.json"
"485268","36127","2025-12-22","25.00","AUD","1763515999","101429/2025-12-22/1763515999.json"
"485268","36127","2025-12-21","25.00","AUD","1763515999","101429/2025-12-21/1763515999.json"
"485268","36127","2025-12-24","25.00","AUD","1763515999","101429/2025-12-24/1763515999.json"
"485268","36127","2025-12-23","25.00","AUD","1763515999","101429/2025-12-23/1763515999.json"
"485268","36127","2025-12-25","25.00","AUD","1763515999","101429/2025-12-25/1763515999.json"
"485268","36127","2025-12-26","25.00","AUD","1763515999","101429/2025-12-26/1763515999.json"
"485268","36127","2025-12-28","25.00","AUD","1763515999","101429/2025-12-28/1763515999.json"
"485268","36127","2025-12-29","25.00","AUD","1763515999","101429/2025-12-29/1763515999.json"
"485268","36127","2025-12-27","25.00","AUD","1763515999","101429/2025-12-27/1763515999.json"
"485268","36127","2025-12-30","25.00","AUD","1763515999","101429/2025-12-30/1763515999.json"
"485268","36127","2025-12-31","25.00","AUD","1763515999","101429/2025-12-31/1763515999.json"
"485268","36127","2026-01-01","25.00","AUD","1763515999","101429/2026-01-01/1763515999.json"
"485268","36127","2026-01-02","25.00","AUD","1763515999","101429/2026-01-02/1763515999.json"
"485268","36127","2026-01-03","25.00","AUD","1763515999","101429/2026-01-03/1763515999.json"
"485268","36127","2026-01-04","25.00","AUD","1763515999","101429/2026-01-04/1763515999.json"
"485268","36127","2026-01-05","25.00","AUD","1763515999","101429/2026-01-05/1763515999.json"
"485268","36127","2026-01-06","25.00","AUD","1763515999","101429/2026-01-06/1763515999.json"
"485268","36127","2026-01-07","25.00","AUD","1763515999","101429/2026-01-07/1763515999.json"
"485268","36127","2026-01-08","25.00","AUD","1763515999","101429/2026-01-08/1763515999.json"
"485268","36127","2026-01-09","25.00","AUD","1763515999","101429/2026-01-09/1763515999.json"
"485268","36127","2026-01-10","25.00","AUD","1763515999","101429/2026-01-10/1763515999.json"
"485268","36127","2025-11-20","25.00","AUD","1763527655","101429/2025-11-20/1763527655.json"
"485268","36127","2025-11-19","25.00","AUD","1763527655","101429/2025-11-19/1763527655.json"
"485268","36127","2025-11-21","25.00","AUD","1763527655","101429/2025-11-21/1763527655.json"
"485268","36127","2025-11-22","25.00","AUD","1763527655","101429/2025-11-22/1763527655.json"
"485268","36127","2025-11-23","25.00","AUD","1763527655","101429/2025-11-23/1763527655.json"
"485268","36127","2025-11-24","25.00","AUD","1763527655","101429/2025-11-24/1763527655.json"
"485268","36127","2025-11-25","25.00","AUD","1763527655","101429/2025-11-25/1763527655.json"
"485268","36127","2025-11-26","25.00","AUD","1763527655","101429/2025-11-26/1763527655.json"
"485268","36127","2025-11-28","25.00","AUD","1763527655","101429/2025-11-28/1763527655.json"
"485268","36127","2025-11-27","25.00","AUD","1763527655","101429/2025-11-27/1763527655.json"
"485268","36127","2025-11-29","25.00","AUD","1763527655","101429/2025-11-29/1763527655.json"
"485268","36127","2025-11-30","25.00","AUD","1763527655","101429/2025-11-30/1763527655.json"
"485268","36127","2025-12-02","25.00","AUD","1763527655","101429/2025-12-02/1763527655.json"
"485268","36127","2025-12-01","25.00","AUD","1763527655","101429/2025-12-01/1763527655.json"
"485268","36127","2025-12-03","25.00","AUD","1763527655","101429/2025-12-03/1763527655.json"
"485268","36127","2025-12-04","25.00","AUD","1763527655","101429/2025-12-04/1763527655.json"
"485268","36127","2025-12-05","25.00","AUD","1763527655","101429/2025-12-05/1763527655.json"
"485268","36127","2025-12-06","25.00","AUD","1763527655","101429/2025-12-06/1763527655.json"
"485268","36127","2025-12-07","25.00","AUD","1763527655","101429/2025-12-07/1763527655.json"
"485268","36127","2025-12-08","25.00","AUD","1763527655","101429/2025-12-08/1763527655.json"
"485268","36127","2025-12-10","25.00","AUD","1763527655","101429/2025-12-10/1763527655.json"
"485268","36127","2025-12-09","25.00","AUD","1763527655","101429/2025-12-09/1763527655.json"
"485268","36127","2025-12-11","25.00","AUD","1763527655","101429/2025-12-11/1763527655.json"
"485268","36127","2025-12-12","25.00","AUD","1763527655","101429/2025-12-12/1763527655.json"
"485268","36127","2025-12-13","25.00","AUD","1763527655","101429/2025-12-13/1763527655.json"
"485268","36127","2025-12-14","25.00","AUD","1763527655","101429/2025-12-14/1763527655.json"
"485268","36127","2025-12-15","25.00","AUD","1763527655","101429/2025-12-15/1763527655.json"
"485268","36127","2025-12-16","25.00","AUD","1763527655","101429/2025-12-16/1763527655.json"
"485268","36127","2025-12-17","25.00","AUD","1763527655","101429/2025-12-17/1763527655.json"
"485268","36127","2025-12-18","25.00","AUD","1763527655","101429/2025-12-18/1763527655.json"
"485268","36127","2025-12-20","25.00","AUD","1763527655","101429/2025-12-20/1763527655.json"
"485268","36127","2025-12-19","25.00","AUD","1763527655","101429/2025-12-19/1763527655.json"
"485268","36127","2025-12-22","25.00","AUD","1763527655","101429/2025-12-22/1763527655.json"
"485268","36127","2025-12-21","25.00","AUD","1763527655","101429/2025-12-21/1763527655.json"
"485268","36127","2025-12-23","25.00","AUD","1763527655","101429/2025-12-23/1763527655.json"
"485268","36127","2025-12-24","25.00","AUD","1763527655","101429/2025-12-24/1763527655.json"
"485268","36127","2025-12-26","25.00","AUD","1763527655","101429/2025-12-26/1763527655.json"
"485268","36127","2025-12-27","25.00","AUD","1763527655","101429/2025-12-27/1763527655.json"
"485268","36127","2025-12-28","25.00","AUD","1763527655","101429/2025-12-28/1763527655.json"
"485268","36127","2025-12-25","25.00","AUD","1763527655","101429/2025-12-25/1763527655.json"
"485268","36127","2025-12-29","25.00","AUD","1763527655","101429/2025-12-29/1763527655.json"
"485268","36127","2025-12-31","25.00","AUD","1763527655","101429/2025-12-31/1763527655.json"
"485268","36127","2026-01-01","25.00","AUD","1763527655","101429/2026-01-01/1763527655.json"
"485268","36127","2025-12-30","25.00","AUD","1763527655","101429/2025-12-30/1763527655.json"
"485268","36127","2026-01-02","25.00","AUD","1763527655","101429/2026-01-02/1763527655.json"
"485268","36127","2026-01-03","25.00","AUD","1763527655","101429/2026-01-03/1763527655.json"
"485268","36127","2026-01-05","25.00","AUD","1763527655","101429/2026-01-05/1763527655.json"
"485268","36127","2026-01-04","25.00","AUD","1763527655","101429/2026-01-04/1763527655.json"
"485268","36127","2026-01-06","25.00","AUD","1763527655","101429/2026-01-06/1763527655.json"
"485268","36127","2026-01-07","25.00","AUD","1763527655","101429/2026-01-07/1763527655.json"
"485268","36127","2026-01-09","25.00","AUD","1763527655","101429/2026-01-09/1763527655.json"
"485268","36127","2026-01-08","25.00","AUD","1763527655","101429/2026-01-08/1763527655.json"
"485268","36127","2026-01-10","25.00","AUD","1763527655","101429/2026-01-10/1763527655.json"
"485268","36127","2025-11-21","25.00","AUD","1763541961","101429/2025-11-21/1763541961.json"
"485268","36127","2025-11-20","25.00","AUD","1763541961","101429/2025-11-20/1763541961.json"
"485268","36127","2025-11-22","25.00","AUD","1763541961","101429/2025-11-22/1763541961.json"
"485268","36127","2025-11-25","25.00","AUD","1763541961","101429/2025-11-25/1763541961.json"
"485268","36127","2025-11-23","25.00","AUD","1763541961","101429/2025-11-23/1763541961.json"
"485268","36127","2025-11-24","25.00","AUD","1763541961","101429/2025-11-24/1763541961.json"
"485268","36127","2025-11-26","25.00","AUD","1763541961","101429/2025-11-26/1763541961.json"
"485268","36127","2025-11-27","25.00","AUD","1763541961","101429/2025-11-27/1763541961.json"
"485268","36127","2025-11-28","25.00","AUD","1763541961","101429/2025-11-28/1763541961.json"
"485268","36127","2025-11-29","25.00","AUD","1763541961","101429/2025-11-29/1763541961.json"
"485268","36127","2025-11-30","25.00","AUD","1763541961","101429/2025-11-30/1763541961.json"
"485268","36127","2025-12-01","25.00","AUD","1763541961","101429/2025-12-01/1763541961.json"
"485268","36127","2025-12-02","25.00","AUD","1763541961","101429/2025-12-02/1763541961.json"
"485268","36127","2025-12-04","25.00","AUD","1763541961","101429/2025-12-04/1763541961.json"
"485268","36127","2025-12-03","25.00","AUD","1763541961","101429/2025-12-03/1763541961.json"
"485268","36127","2025-12-05","25.00","AUD","1763541961","101429/2025-12-05/1763541961.json"
"485268","36127","2025-12-06","25.00","AUD","1763541961","101429/2025-12-06/1763541961.json"
"485268","36127","2025-12-08","25.00","AUD","1763541961","101429/2025-12-08/1763541961.json"
"485268","36127","2025-12-07","25.00","AUD","1763541961","101429/2025-12-07/1763541961.json"
"485268","36127","2025-12-09","25.00","AUD","1763541961","101429/2025-12-09/1763541961.json"
"485268","36127","2025-12-10","25.00","AUD","1763541961","101429/2025-12-10/1763541961.json"
"485268","36127","2025-12-12","25.00","AUD","1763541961","101429/2025-12-12/1763541961.json"
"485268","36127","2025-12-11","25.00","AUD","1763541961","101429/2025-12-11/1763541961.json"
"485268","36127","2025-12-14","25.00","AUD","1763541961","101429/2025-12-14/1763541961.json"
"485268","36127","2025-12-16","25.00","AUD","1763541961","101429/2025-12-16/1763541961.json"
"485268","36127","2025-12-13","25.00","AUD","1763541961","101429/2025-12-13/1763541961.json"
"485268","36127","2025-12-15","25.00","AUD","1763541961","101429/2025-12-15/1763541961.json"
"485268","36127","2025-12-17","25.00","AUD","1763541961","101429/2025-12-17/1763541961.json"
"485268","36127","2025-12-18","25.00","AUD","1763541961","101429/2025-12-18/1763541961.json"
"485268","36127","2025-12-19","25.00","AUD","1763541961","101429/2025-12-19/1763541961.json"
"485268","36127","2025-12-20","25.00","AUD","1763541961","101429/2025-12-20/1763541961.json"
"485268","36127","2025-12-21","25.00","AUD","1763541961","101429/2025-12-21/1763541961.json"
"485268","36127","2025-12-22","25.00","AUD","1763541961","101429/2025-12-22/1763541961.json"
"485268","36127","2025-12-24","25.00","AUD","1763541961","101429/2025-12-24/1763541961.json"
"485268","36127","2025-12-23","25.00","AUD","1763541961","101429/2025-12-23/1763541961.json"
"485268","36127","2025-12-25","25.00","AUD","1763541961","101429/2025-12-25/1763541961.json"
"485268","36127","2025-12-27","25.00","AUD","1763541961","101429/2025-12-27/1763541961.json"
"485268","36127","2025-12-26","25.00","AUD","1763541961","101429/2025-12-26/1763541961.json"
"485268","36127","2025-12-28","25.00","AUD","1763541961","101429/2025-12-28/1763541961.json"
"485268","36127","2025-12-29","25.00","AUD","1763541961","101429/2025-12-29/1763541961.json"
"485268","36127","2025-12-30","25.00","AUD","1763541961","101429/2025-12-30/1763541961.json"
"485268","36127","2025-12-31","25.00","AUD","1763541961","101429/2025-12-31/1763541961.json"
"485268","36127","2026-01-01","25.00","AUD","1763541961","101429/2026-01-01/1763541961.json"
"485268","36127","2026-01-02","25.00","AUD","1763541961","101429/2026-01-02/1763541961.json"
"485268","36127","2026-01-03","25.00","AUD","1763541961","101429/2026-01-03/1763541961.json"
"485268","36127","2026-01-05","25.00","AUD","1763541961","101429/2026-01-05/1763541961.json"
"485268","36127","2026-01-04","25.00","AUD","1763541961","101429/2026-01-04/1763541961.json"
"485268","36127","2026-01-06","25.00","AUD","1763541961","101429/2026-01-06/1763541961.json"
"485268","36127","2026-01-07","25.00","AUD","1763541961","101429/2026-01-07/1763541961.json"
"485268","36127","2026-01-09","25.00","AUD","1763541961","101429/2026-01-09/1763541961.json"
"485268","36127","2026-01-08","25.00","AUD","1763541961","101429/2026-01-08/1763541961.json"
"485268","36127","2026-01-10","25.00","AUD","1763541961","101429/2026-01-10/1763541961.json"
